163 162 161 159 157 156 155 154 160 168 174 173 166 149 120 94 97 105 108 106 107 108 108 108 110 115 120 123 125 128 130 131 133 131 130 130 132 133 134 134 135 134 133 134 134 134 134 134 134 134 133 131 131 133 133 131 135 132 132 135 135 131 130 131 130 130 130 131 130 129 127 125 121 115 104 112 137 148 152 164 154 151 151 155 156 154 153 155 153 151 158 156 156 157 170 210 215 221 190 115 100 117 120 121 122 123 122 121 122 124 124 123 122 0 0 0 0 0 0 0 
159 159 157 157 156 155 154 154 157 166 172 172 164 147 119 94 94 102 106 105 0 0 0 0 0 0 0 0 0 0 0 0 0 0 0 0 0 0 0 0 0 0 0 0 0 0 0 0 0 0 0 0 0 0 0 0 0 0 0 0 0 0 0 0 0 0 0 0 0 0 0 0 0 0 0 0 0 0 0 0 0 0 0 0 0 0 0 0 0 0 0 0 0 0 0 0 0 0 0 0 0 0 0 0 0 0 0 0 0 0 0 0 0 0 0 0 0 0 0 0 
157 155 154 155 155 153 153 155 160 168 169 168 160 142 114 91 88 102 108 104 105 96 99 101 105 98 127 114 122 117 133 130 130 142 132 169 22 179 141 138 131 6 6 132 131 132 133 132 131 131 130 129 129 131 130 129 132 132 132 131 131 131 130 129 128 128 127 128 129 128 127 124 119 117 110 105 116 137 152 157 158 155 155 157 159 157 155 155 154 153 156 152 152 152 154 177 210 219 216 176 110 109 114 118 120 121 123 121 121 123 123 123 120 124 128 130 135 107 50 44 
156 154 155 156 148 185 154 159 165 169 171 167 159 141 114 91 83 99 104 105 110 104 102 103 108 0 0 0 0 0 0 0 0 0 0 0 0 0 0 0 0 0 0 0 0 0 0 0 0 0 0 0 0 0 0 0 0 0 0 0 0 0 0 0 0 0 0 0 0 0 0 0 0 0 0 0 0 0 0 0 0 0 0 0 0 0 0 0 0 0 0 0 0 0 0 0 0 0 0 0 0 0 0 0 0 0 0 0 0 0 0 0 0 0 0 0 0 0 0 0 
156 155 157 158 156 153 156 163 166 166 165 163 158 144 117 94 91 99 104 106 107 105 102 103 108 114 119 122 124 126 128 129 130 131 132 131 130 130 131 132 132 133 133 131 132 133 132 130 133 132 131 131 131 130 129 129 133 136 135 130 130 133 132 127 129 128 127 128 129 130 128 127 125 118 114 107 104 119 142 152 161 161 161 161 162 162 159 157 157 156 156 153 154 153 148 148 171 207 220 222 191 115 105 118 116 120 123 123 122 124 127 128 131 133 138 94 44 49 45 53 
155 156 159 159 156 155 159 165 167 164 160 159 157 144 116 92 91 98 103 105 106 104 102 104 108 113 119 121 123 126 128 128 130 130 131 131 130 130 130 130 131 132 131 129 131 133 131 128 130 128 128 129 129 128 127 127 131 134 133 130 130 132 130 126 127 126 126 62 127 123 127 126 30 87 115 109 72 227 153 150 159 225 162 179 160 161 159 157 158 157 154 152 152 152 151 148 147 193 218 216 218 160 102 110 117 121 124 123 121 122 126 128 135 140 89 53 49 47 49 48 
156 157 158 159 150 160 164 167 168 163 151 155 158 144 114 88 91 98 103 105 106 104 102 104 108 113 118 121 122 125 127 128 128 129 129 129 130 128 194 129 131 131 8 128 195 162 131 122 125 52 92 111 119 94 127 183 128 130 131 134 194 167 209 110 247 115 126 118 126 124 126 95 207 88 100 103 106 116 135 148 156 161 162 160 159 160 159 157 156 155 154 154 152 152 153 149 141 168 202 217 223 206 131 104 115 120 123 122 119 121 126 129 138 87 50 44 45 44 54 55 
158 158 158 158 161 165 168 169 164 161 159 160 160 145 116 90 92 98 103 105 106 104 102 105 107 112 118 120 122 124 126 127 127 127 127 128 130 131 130 129 131 130 128 127 131 135 132 126 122 121 122 125 126 125 125 125 127 128 129 130 131 131 129 127 127 128 129 128 126 126 128 129 121 121 116 109 107 246 134 146 153 159 162 159 157 158 158 157 154 155 156 158 156 154 155 150 149 139 185 212 219 221 182 109 111 0 0 0 0 0 0 0 0 0 0 0 0 0 0 0 
161 155 162 160 163 171 163 168 162 162 158 163 160 142 115 87 91 98 103 102 103 103 102 103 107 82 245 120 122 126 126 125 131 129 124 124 128 129 128 128 128 134 132 126 126 128 128 127 126 119 118 126 128 123 249 124 127 128 130 130 131 131 130 127 130 127 126 128 127 124 124 127 122 118 116 113 109 115 130 142 150 155 158 158 157 157 158 158 156 156 157 157 157 156 153 150 148 143 154 204 217 227 214 148 98 115 47 93 126 126 133 91 43 41 50 57 53 52 53 48 
161 160 161 165 167 166 163 242 191 160 157 168 40 162 43 239 51 54 70 132 164 210 137 176 154 157 186 205 150 173 138 145 183 201 144 118 119 109 77 52 144 119 119 111 73 55 145 137 139 147 178 204 154 131 133 157 182 200 111 118 118 108 76 53 144 137 138 150 177 52 111 138 138 155 185 199 129 133 124 97 88 13 116 106 98 113 81 41 116 109 98 119 87 44 121 98 108 97 65 33 54 42 30 46 162 248 156 134 135 100 147 178 195 219 203 214 250 164 222 217 
161 163 159 167 168 158 159 153 159 161 159 161 159 141 114 86 88 98 104 105 105 104 102 102 108 113 118 120 121 122 124 124 127 125 127 128 125 125 126 125 130 131 128 127 128 127 126 129 129 124 123 131 142 146 141 135 121 117 120 129 131 125 123 132 130 131 131 128 126 123 127 124 122 118 116 117 108 113 127 139 152 149 151 153 155 156 155 153 154 155 155 154 152 149 147 146 147 143 136 153 202 218 223 224 155 97 109 118 127 90 47 43 47 51 57 58 53 47 46 48 
161 162 160 167 163 150 149 146 160 163 161 164 160 143 115 87 87 97 103 104 105 104 102 103 108 113 118 120 122 124 125 126 129 126 127 129 129 131 131 127 126 133 131 124 125 133 137 138 146 149 189 170 178 180 179 179 177 167 146 123 113 119 127 130 129 128 128 128 126 123 125 128 121 117 67 225 107 112 127 138 141 145 147 151 154 155 154 152 154 153 153 153 150 147 145 144 144 144 141 140 172 216 215 224 207 124 111 120 93 41 37 50 50 54 56 55 52 46 44 48 
160 161 166 168 156 141 137 144 0 0 1 0 0 0 0 0 0 0 0 0 0 0 0 0 0 0 0 0 1 0 0 0 0 0 1 0 0 0 0 0 1 0 4 2 0 0 0 0 0 0 0 0 0 0 0 0 0 0 0 0 0 0 0 0 0 0 0 0 0 0 0 0 0 0 0 0 0 0 0 0 0 0 0 0 0 0 0 0 0 0 0 0 0 0 0 0 0 0 0 0 0 0 0 0 0 0 0 0 0 0 0 0 0 0 0 0 0 0 0 0 
161 164 170 167 146 126 128 145 162 165 163 164 161 144 114 82 85 94 99 99 101 102 103 105 110 114 119 121 121 123 124 125 124 129 129 126 125 124 127 22 142 132 125 130 174 144 143 144 148 152 156 160 168 175 176 173 173 183 189 191 199 195 158 115 114 121 127 127 125 125 122 118 117 114 113 110 106 112 129 142 146 145 0 0 0 0 0 0 0 0 0 0 0 0 0 0 0 0 0 0 0 0 0 0 0 0 0 0 0 0 0 0 0 0 0 0 0 0 0 0 
133 170 166 157 128 104 123 148 165 167 164 165 163 145 114 80 81 90 96 97 99 101 102 104 107 112 117 118 119 120 122 123 121 129 126 125 131 132 134 144 141 131 123 127 134 132 132 139 146 149 157 164 164 162 171 183 180 187 189 187 192 201 195 181 127 119 113 117 121 120 119 120 115 112 110 107 103 111 128 142 149 146 145 19 151 147 149 151 147 142 142 144 145 143 141 141 156 158 141 144 139 136 153 217 225 224 111 22 46 62 50 170 54 48 85 51 48 51 51 240 
168 176 191 144 111 84 122 152 166 167 163 164 162 145 112 78 78 88 94 96 98 100 101 103 104 109 114 116 118 120 122 122 121 128 123 123 135 130 117 120 117 121 124 127 130 130 132 139 139 144 150 154 163 172 178 180 187 186 186 187 189 192 197 201 195 145 108 110 120 116 113 119 116 112 110 107 103 110 128 143 150 147 145 145 144 145 147 151 147 142 140 144 146 144 142 134 142 140 143 147 142 132 151 205 228 162 33 43 48 51 57 53 51 45 48 50 45 46 50 45 
174 165 156 127 81 82 126 147 165 168 165 164 158 143 112 75 77 88 96 99 101 101 100 101 104 109 113 113 115 119 120 119 125 128 120 127 132 110 118 116 124 124 120 126 131 132 139 131 132 136 144 155 162 166 177 178 184 186 170 189 224 192 235 160 214 196 234 46 28 12 124 122 30 175 38 139 113 226 173 170 87 46 133 139 163 243 85 102 131 79 227 106 149 142 140 144 143 111 128 173 143 148 99 182 149 205 200 35 244 55 49 53 46 52 52 47 47 67 47 27 
170 163 141 108 78 85 124 147 165 168 166 164 158 142 112 76 79 90 98 99 100 99 99 101 104 109 114 114 51 118 120 121 123 122 61 203 124 111 77 99 51 59 125 130 162 146 73 200 204 138 172 133 92 195 171 178 217 168 189 193 192 195 198 195 193 195 207 180 135 97 103 112 110 108 105 113 102 102 136 144 153 155 152 150 154 133 122 138 145 148 142 144 148 143 142 143 143 146 144 147 143 150 163 131 48 43 42 51 50 52 49 44 51 60 45 51 62 54 33 99 
165 155 120 88 79 90 122 149 164 168 167 165 157 140 111 77 81 91 98 99 99 99 101 102 104 109 114 115 114 118 120 121 122 118 130 136 113 106 110 116 114 122 116 123 126 127 135 136 129 138 146 149 155 173 146 158 248 187 187 190 133 190 184 192 194 203 150 227 249 183 81 98 230 79 227 97 99 106 127 150 154 156 152 0 0 0 0 0 0 0 0 0 0 0 1 0 0 0 0 0 0 0 0 0 0 16 1 0 0 4 0 0 0 0 0 0 0 16 8 0 
159 136 99 81 82 94 122 150 163 168 135 166 157 139 111 78 0 0 0 0 0 0 0 0 0 0 0 0 0 0 0 0 0 0 0 0 0 0 0 0 0 1 0 0 0 0 0 1 0 0 0 0 0 0 0 0 0 0 0 0 0 0 0 0 0 0 0 0 0 0 0 0 0 0 0 0 0 0 0 0 0 0 0 0 0 0 0 0 0 0 0 0 0 0 96 18 8 0 0 0 32 0 0 0 0 128 178 137 0 0 0 0 36 146 0 32 0 64 38 3 
147 112 86 86 87 92 123 150 162 166 167 166 157 138 110 78 82 90 96 97 101 103 102 102 105 108 112 115 117 120 121 121 124 124 116 103 109 113 122 118 121 119 119 120 126 132 136 137 141 138 138 144 152 161 173 185 187 180 170 177 203 213 207 206 207 201 213 210 205 220 218 106 76 99 103 98 93 101 131 142 153 154 150 151 144 113 0 1 0 0 0 0 0 0 0 0 0 0 0 0 0 0 0 0 0 0 0 0 0 0 0 0 0 0 0 0 0 1 0 0 
126 94 82 95 88 90 122 148 162 167 166 166 157 138 111 80 83 92 97 98 101 101 100 100 105 108 112 115 118 120 122 122 124 122 105 110 114 117 115 117 112 115 122 124 129 136 138 141 137 145 148 145 149 163 174 177 165 168 190 209 207 204 205 203 205 205 201 211 219 213 232 204 83 73 90 92 91 104 121 151 154 155 150 152 147 119 66 43 90 124 144 149 147 142 143 142 144 142 148 154 144 49 49 46 53 60 52 46 45 60 50 47 51 59 76 88 131 150 144 144 
102 87 86 127 87 89 121 146 161 229 165 166 157 138 47 67 65 92 98 99 224 16 99 101 104 108 177 227 244 114 107 117 178 71 247 115 195 227 184 131 227 113 253 56 78 127 82 3 112 60 70 127 78 75 206 227 120 56 14 39 62 48 50 56 26 49 48 48 255 255 223 255 0 0 0 0 0 0 0 0 0 0 0 0 0 0 0 0 0 0 0 0 0 0 0 0 0 0 0 0 0 0 0 0 0 0 0 0 0 0 1 0 0 0 0 0 0 0 0 0 
86 88 91 92 85 91 121 145 161 165 165 166 158 139 111 80 78 91 99 100 99 99 100 103 102 108 115 118 116 117 121 127 121 105 120 111 110 117 118 119 121 121 129 129 133 140 137 140 143 134 135 146 149 147 158 175 199 197 200 204 201 197 196 196 204 198 205 206 205 211 212 212 226 214 106 64 85 93 129 144 154 154 154 155 144 119 70 43 44 82 116 140 148 143 143 144 150 141 161 115 38 40 45 56 59 53 45 46 59 44 55 52 57 67 124 141 150 143 161 167 
85 93 125 93 82 107 96 150 175 173 172 164 150 141 95 89 195 94 107 100 84 104 232 82 105 238 74 120 250 88 142 1 94 112 190 69 238 246 114 115 120 134 129 139 144 136 142 141 139 131 137 137 129 152 188 201 196 192 192 192 190 197 204 202 206 206 206 206 208 209 209 209 212 221 214 72 70 99 118 145 155 154 151 154 147 117 76 42 41 47 93 128 145 148 141 141 145 155 142 57 36 43 53 55 56 51 46 59 45 46 59 51 59 110 150 141 139 161 165 163 
89 94 92 93 89 92 119 147 159 164 164 164 159 141 113 83 80 90 96 98 100 101 101 102 105 112 111 115 117 105 156 129 98 105 111 112 111 113 118 122 123 119 139 141 130 137 143 140 134 130 115 130 174 192 187 190 195 188 189 201 194 198 203 203 200 204 207 207 206 205 204 204 215 212 230 165 57 89 126 142 147 155 158 150 0 0 0 0 0 0 0 0 0 0 0 0 0 0 0 0 0 0 0 0 0 0 0 0 0 0 0 0 0 0 0 0 0 0 0 0 
91 93 90 90 88 89 117 147 159 165 164 164 160 142 113 82 80 89 95 96 98 100 100 102 105 111 112 112 110 113 178 116 102 106 109 111 113 116 119 120 127 137 135 137 138 132 135 137 124 113 139 176 187 192 195 185 184 183 189 197 196 196 201 206 205 203 201 199 201 205 208 209 209 216 218 233 108 64 121 144 157 150 155 154 142 117 74 46 43 46 31 64 164 204 200 182 195 0 0 0 0 0 0 0 0 0 0 0 0 0 1 0 0 0 0 0 0 0 0 0 
75 67 80 125 94 95 243 146 31 134 56 227 189 141 7 59 220 92 241 95 175 20 184 227 104 102 115 110 100 141 182 105 102 108 113 114 113 115 119 120 130 140 133 133 133 137 135 106 124 144 177 192 183 173 179 188 181 182 191 198 198 195 196 198 198 201 202 203 204 207 207 206 209 202 218 235 167 70 115 144 144 157 153 150 150 122 76 46 49 27 64 188 215 198 213 221 230 136 30 52 50 54 56 55 54 50 52 51 57 38 61 131 155 134 149 165 160 158 157 158 
88 90 88 93 90 88 114 144 160 165 164 163 159 140 108 75 73 84 92 95 98 99 99 100 109 101 113 114 97 175 180 100 98 107 115 115 116 114 122 130 128 120 121 129 133 111 102 112 153 180 182 184 184 186 171 177 184 174 183 201 197 194 196 190 195 199 205 0 0 0 0 0 0 0 0 0 0 0 0 0 0 0 0 0 0 0 0 0 0 0 0 0 0 0 0 0 0 0 0 0 0 0 0 0 0 0 0 0 0 0 0 0 0 0 0 0 0 0 0 0 
94 93 92 97 94 92 116 144 161 167 166 166 160 141 109 76 74 85 94 98 101 101 100 100 105 108 108 113 105 192 165 98 103 106 108 110 114 120 125 128 118 124 127 128 129 110 117 172 181 170 166 168 171 180 183 176 186 192 192 187 186 188 192 198 200 196 195 199 200 199 201 206 205 204 205 204 231 178 93 139 159 150 162 152 146 116 48 35 137 212 176 193 218 210 216 203 0 0 0 0 0 0 0 0 0 0 0 0 0 0 0 0 0 0 0 0 0 0 0 0 
95 97 97 100 97 95 117 143 161 168 168 168 162 142 111 79 78 89 97 99 102 102 101 102 105 110 111 107 120 197 148 98 105 104 104 108 116 123 123 120 119 132 137 126 110 128 165 171 163 162 0 0 0 0 0 0 0 0 0 0 0 0 0 0 0 0 0 0 0 0 0 0 0 0 0 0 0 0 0 0 0 0 0 0 0 0 0 0 0 0 0 0 0 0 0 0 0 0 0 0 0 0 0 0 0 0 0 0 0 0 0 0 0 0 0 0 0 0 0 0 
226 100 99 101 98 96 118 142 159 175 160 173 163 148 113 90 89 95 98 96 118 110 105 96 104 111 105 110 137 204 140 101 110 110 98 116 121 115 120 122 133 123 126 115 126 161 160 149 154 165 168 171 182 185 178 176 187 179 170 172 185 188 187 192 196 194 199 204 191 176 191 201 203 206 234 196 194 239 220 185 22 139 29 176 2 148 231 241 160 209 113 225 51 251 80 59 31 60 159 157 175 77 204 213 206 8 136 106 163 91 116 111 95 96 93 101 99 86 102 101 
100 100 100 100 96 98 119 145 157 166 169 172 166 146 113 79 81 90 97 99 102 102 101 100 103 107 115 88 154 191 126 110 102 103 110 99 113 120 118 128 119 118 113 131 154 156 150 145 149 159 173 178 174 170 175 183 172 172 176 182 184 182 181 183 188 193 199 186 179 187 190 198 196 199 198 196 197 195 198 207 155 151 144 161 193 202 187 198 195 199 195 206 200 206 197 219 237 188 43 54 33 59 35 42 45 48 60 74 152 149 151 153 177 150 145 152 149 157 170 134 
101 100 100 100 99 102 121 147 160 168 171 173 168 147 114 80 80 90 97 99 101 101 99 99 101 106 106 92 171 190 135 113 105 104 100 111 109 103 122 117 122 117 137 150 147 145 142 143 156 165 171 168 166 170 173 172 160 171 180 179 176 176 179 180 185 166 175 183 185 179 188 191 200 191 188 194 201 184 186 198 176 153 184 208 188 193 211 204 200 203 199 202 209 207 205 219 224 161 44 54 55 53 42 45 53 63 60 114 159 150 144 166 176 158 156 153 159 159 154 154 
101 99 98 99 99 102 121 145 163 171 173 174 169 148 115 81 80 90 96 98 100 100 98 98 102 107 99 97 190 185 143 117 105 105 107 110 112 121 124 125 114 136 151 147 146 138 132 152 160 165 154 159 182 177 160 164 183 171 167 173 175 172 176 187 185 179 176 184 190 180 201 185 184 179 180 179 176 182 190 186 140 207 205 185 193 201 214 199 192 195 197 206 206 192 209 210 234 121 30 49 52 51 42 52 51 57 93 151 148 148 158 161 160 158 156 156 156 155 155 0 
100 98 98 98 97 100 119 143 164 173 174 174 169 149 115 80 81 91 97 99 99 99 98 98 102 107 98 99 200 183 152 129 120 111 104 111 107 118 123 114 123 149 142 142 135 133 157 0 0 0 0 0 0 0 0 0 0 0 0 0 0 1 0 0 0 0 0 0 0 0 0 0 0 1 0 0 0 0 0 0 0 0 0 0 0 0 0 0 0 0 0 0 0 0 0 0 0 0 0 0 0 0 0 1 0 0 0 0 0 0 0 0 0 0 0 0 0 0 0 0 
98 98 99 98 96 99 119 146 164 173 173 173 167 148 115 78 82 92 98 99 100 98 98 99 100 104 100 100 201 183 158 142 136 115 104 100 108 118 103 131 146 137 145 127 131 155 147 150 150 142 152 159 156 168 178 166 164 172 174 166 162 165 168 168 175 171 179 181 183 183 174 177 184 177 172 168 170 183 192 189 189 201 206 197 197 202 198 197 201 205 203 189 157 172 177 206 177 42 46 53 51 46 51 47 54 94 153 144 149 164 162 160 161 160 158 157 158 158 159 158 
95 96 97 97 95 98 120 148 163 171 172 171 167 149 116 79 82 92 98 99 99 99 98 99 101 102 98 102 198 180 157 147 133 130 96 101 111 112 131 142 140 141 123 129 148 146 142 144 148 154 147 147 164 168 164 169 170 166 164 167 167 163 160 160 169 175 172 177 179 176 177 167 179 162 161 178 188 189 193 201 212 194 192 194 193 196 199 202 205 208 204 157 170 154 148 207 118 29 53 54 49 44 49 46 84 135 150 149 156 163 161 160 159 159 158 157 157 158 158 157 
96 95 94 95 94 99 120 149 163 171 172 171 166 150 117 81 81 91 96 98 98 98 97 99 103 101 90 110 198 180 158 150 144 123 114 104 101 124 146 131 131 123 126 144 143 136 143 140 148 144 154 162 156 156 163 159 159 165 164 157 152 159 166 169 163 172 167 166 167 167 170 159 149 176 191 183 182 195 201 196 189 191 198 196 196 203 205 204 206 209 179 163 164 152 163 206 66 36 51 50 47 49 49 61 118 155 144 155 158 159 159 157 158 158 156 156 156 158 157 155 
100 97 95 96 96 101 123 149 163 172 172 171 168 152 119 83 80 90 97 97 97 97 97 98 101 99 82 119 204 186 170 158 142 143 116 94 131 140 127 139 120 129 141 144 142 133 130 148 141 146 156 156 147 153 159 149 138 135 143 160 167 161 158 163 167 160 166 165 160 157 153 164 184 179 181 193 202 192 183 189 194 195 198 200 206 204 199 203 211 200 157 165 142 125 187 170 35 47 50 53 53 59 50 77 141 155 146 156 159 159 159 154 157 158 158 157 156 158 157 155 
98 96 95 98 100 104 123 147 165 172 173 174 169 153 119 78 77 89 97 97 97 98 97 98 97 103 81 114 209 193 174 160 158 148 125 112 129 128 135 117 126 145 139 139 128 126 0 0 0 0 0 0 0 0 0 0 0 0 0 0 0 0 0 0 0 0 1 0 0 0 0 0 0 0 0 0 0 0 0 0 0 0 0 0 0 0 0 0 0 0 0 0 0 0 0 0 1 0 0 0 0 0 1 0 0 0 0 0 0 0 0 0 0 0 0 0 0 0 0 0 
100 99 97 99 101 107 126 148 166 173 174 174 169 153 115 77 76 88 97 97 102 99 99 100 100 107 80 110 208 197 180 171 151 156 130 116 119 137 115 121 138 136 137 125 126 140 134 134 23 144 117 141 119 102 87 72 151 174 138 118 113 104 114 120 93 87 81 51 118 179 164 172 192 206 196 187 197 195 189 200 199 197 205 207 202 200 212 213 173 123 82 82 119 204 181 39 46 47 46 49 56 45 71 141 146 151 157 160 159 159 158 156 156 155 154 154 155 154 154 153 
101 101 99 99 102 110 136 145 167 173 202 252 32 229 41 61 92 89 105 103 98 103 99 108 109 102 90 99 223 192 203 160 121 143 108 111 119 116 113 142 156 138 118 121 135 135 149 152 143 117 147 115 121 122 101 84 123 131 111 81 69 93 78 56 50 36 35 70 152 161 189 200 198 189 191 198 195 193 197 199 202 202 195 206 216 194 154 113 92 76 95 122 183 215 76 35 53 49 49 48 51 42 105 157 143 155 162 159 159 161 159 157 156 155 154 155 154 154 153 153 
102 102 100 98 101 111 129 148 166 172 173 172 169 154 119 78 78 91 97 98 98 99 98 98 101 98 93 194 16 146 167 171 208 194 145 107 167 227 208 194 148 55 131 131 208 194 132 176 135 163 208 194 140 53 133 183 208 194 212 176 135 243 209 194 133 175 7 149 209 239 189 157 135 145 163 175 229 180 25 212 3 45 237 205 11 212 47 61 239 203 105 221 47 61 107 151 93 92 47 61 9 111 193 169 220 61 107 143 77 92 47 5 107 209 174 213 6 61 235 218 
105 104 101 98 101 109 129 147 165 171 172 173 169 154 120 78 78 90 96 97 98 67 98 98 101 100 97 75 163 211 195 170 125 148 147 115 109 125 138 131 123 122 135 128 129 137 139 114 135 132 87 86 81 63 59 50 106 108 63 91 98 82 61 69 20 112 158 143 183 189 182 192 192 182 182 191 194 192 190 191 211 198 157 135 103 90 95 85 141 165 187 198 61 34 52 57 18 36 49 61 48 96 151 143 156 164 164 170 130 160 157 159 157 157 156 155 15 31 206 30 
106 106 103 101 101 107 126 148 165 170 171 172 169 155 121 79 76 88 95 96 98 99 99 99 99 97 102 82 123 213 193 185 150 137 140 105 122 138 132 114 126 125 127 126 128 130 144 116 114 70 72 80 51 56 45 92 116 56 60 91 81 0 0 0 0 0 0 0 0 0 0 0 0 0 0 0 0 0 0 0 0 0 0 0 0 0 0 0 0 0 0 0 0 0 0 0 0 0 0 0 0 0 0 0 0 0 0 0 0 0 0 2 0 0 0 0 64 2 0 0 
108 106 103 101 100 104 124 148 165 171 171 172 169 155 121 79 76 87 94 95 98 99 98 98 97 99 104 96 96 190 206 190 172 159 115 118 134 140 109 121 126 125 121 130 131 104 117 109 69 74 76 52 64 35 61 96 51 65 108 102 66 58 69 145 135 155 197 190 176 183 180 184 177 171 0 0 0 0 0 0 0 1 0 0 121 72 73 70 3 95 167 194 211 216 242 218 206 206 216 205 146 119 110 123 70 68 101 68 175 112 147 220 75 49 226 206 138 23 255 228 
1 0 0 4 0 0 0 0 0 0 0 0 1 0 0 0 0 0 1 0 0 0 0 0 8 0 0 4 0 0 0 0 0 0 0 0 0 0 0 0 0 0 0 0 0 0 0 0 1 0 0 0 0 0 1 0 0 0 0 0 0 0 0 0 0 0 0 0 0 0 0 0 0 0 0 0 0 0 0 0 0 0 0 0 0 0 0 0 0 0 0 0 0 0 0 0 0 0 0 0 0 0 0 0 0 0 0 0 0 0 0 0 0 0 0 0 0 0 0 0 
108 107 103 101 98 97 117 148 165 174 172 174 254 1 120 172 138 63 254 3 120 232 194 127 194 190 32 76 165 224 254 0 252 9 192 118 223 1 157 17 136 2 224 15 192 147 21 248 231 223 37 216 131 1 19 55 60 222 249 124 104 47 15 192 218 5 200 191 224 181 225 41 120 35 218 15 229 32 98 15 241 211 215 4 66 151 23 249 46 78 216 163 110 28 94 90 158 135 243 162 121 140 79 255 254 70 112 208 79 65 98 226 194 22 47 47 47 186 66 97 
108 109 104 101 97 94 114 145 163 173 172 175 171 155 122 77 71 83 92 95 97 98 98 99 100 103 114 106 111 87 141 214 192 42 92 103 111 128 125 122 125 110 123 48 72 63 86 78 71 54 45 92 66 57 51 51 63 64 65 82 84 115 138 180 178 185 180 171 173 179 178 175 172 184 189 190 197 201 190 131 79 86 90 116 140 158 123 35 43 44 49 57 56 58 57 43 51 51 58 97 134 126 154 168 163 164 164 165 165 165 161 159 160 160 159 156 156 155 153 151 
107 107 104 101 97 92 111 142 161 172 173 175 172 156 123 78 75 85 94 97 99 99 99 99 100 103 112 110 115 91 131 215 204 156 118 119 114 117 114 134 132 117 103 90 72 57 40 75 74 65 56 62 119 54 43 43 51 27 67 95 88 139 168 176 187 181 168 167 178 172 165 172 183 196 200 197 199 200 195 148 83 63 68 91 131 150 96 43 45 46 53 56 59 61 53 43 52 44 66 127 134 131 161 166 166 165 162 162 162 162 162 162 161 160 160 159 158 157 155 151 
104 105 103 102 96 92 111 144 161 172 172 175 172 156 125 80 76 87 96 99 101 100 98 99 101 103 110 116 111 95 137 217 197 105 105 120 120 117 130 133 129 114 45 59 65 47 46 70 77 80 65 47 88 102 54 52 30 58 115 248 152 153 185 153 190 44 159 171 180 136 164 53 192 199 201 229 216 15 200 162 96 83 35 137 227 131 90 80 127 245 120 120 188 75 21 205 195 29 131 233 220 143 27 237 119 201 208 150 34 211 252 123 6 56 72 47 34 123 208 104 
104 104 103 103 97 92 111 144 162 172 172 174 172 156 126 83 73 85 94 98 101 102 101 101 101 106 122 113 115 101 106 213 172 103 117 107 120 124 120 93 95 88 52 80 46 45 52 44 66 65 72 65 66 99 55 33 46 131 128 169 160 144 177 183 180 170 165 166 164 166 177 187 195 198 200 199 206 210 210 181 115 60 45 61 114 175 77 35 51 51 58 62 62 54 43 53 47 54 122 141 138 157 151 151 156 156 158 161 162 162 162 163 160 160 158 156 155 155 153 151 
105 104 102 102 97 91 110 144 163 173 172 174 171 156 127 84 77 88 96 99 102 103 101 101 100 113 128 112 120 115 97 182 170 111 116 109 125 0 0 0 0 0 0 0 0 0 0 0 0 0 0 0 0 0 0 0 0 0 0 0 0 0 0 0 0 0 0 0 0 0 0 0 0 0 0 0 0 4 0 0 0 0 0 0 0 0 0 0 0 0 0 0 0 0 0 32 0 0 1 1 8 0 0 0 0 0 0 0 0 8 0 16 137 36 0 27 24 32 8 32 
106 103 101 101 96 91 110 143 163 173 173 176 172 156 127 84 82 92 98 101 103 104 102 102 101 115 120 116 119 121 114 135 187 107 116 133 126 127 103 64 66 52 39 71 58 61 50 48 58 54 67 84 60 104 57 102 137 163 172 185 176 149 171 194 167 160 156 160 169 174 184 194 195 198 205 204 208 209 215 207 149 80 41 44 77 163 103 46 54 58 59 62 58 50 49 52 47 100 142 135 162 163 0 0 0 0 0 0 0 0 1 0 0 0 0 0 0 0 0 0 
105 102 98 99 96 91 110 143 162 173 174 177 173 156 126 83 80 89 97 99 103 104 103 103 105 110 114 117 118 116 112 121 128 115 133 133 131 101 55 48 70 60 42 55 66 71 51 48 63 63 47 71 47 41 116 130 147 162 174 188 183 149 181 178 153 160 160 163 174 174 178 193 197 197 202 203 208 209 214 210 163 105 59 38 58 154 243 107 52 60 58 60 113 84 52 47 60 132 10 20 171 162 164 168 228 197 21 157 184 154 92 231 193 208 162 29 31 239 1 20 
104 102 99 99 96 91 109 145 163 173 173 178 173 155 126 85 77 90 97 102 210 182 36 32 43 73 218 150 166 100 97 105 218 146 148 36 39 105 149 84 211 156 92 149 154 182 180 60 109 89 91 154 246 192 48 155 75 91 146 182 167 44 77 91 210 148 148 36 105 75 219 210 130 166 109 73 203 250 146 164 37 73 91 219 212 182 37 105 203 139 186 182 205 152 236 251 170 172 71 205 74 102 181 131 92 221 243 224 89 176 5 41 90 25 160 150 111 132 106 6 
101 101 99 100 96 91 108 144 163 174 175 178 174 156 125 82 77 143 63 198 191 225 122 89 115 210 149 24 92 194 148 111 167 163 208 194 148 20 211 135 183 236 186 110 178 134 229 251 162 20 205 150 255 186 251 145 53 28 115 28 214 60 255 129 160 148 176 42 46 144 209 171 209 36 34 156 201 238 168 30 67 255 127 32 96 146 178 6 114 101 72 176 58 248 184 188 181 238 94 94 246 240 184 29 134 152 235 250 3 174 135 171 202 208 9 0 127 208 225 234 
101 101 101 103 99 91 107 143 162 174 175 178 175 158 126 81 81 89 95 101 103 101 103 102 106 111 121 122 119 154 122 28 41 134 144 82 60 90 60 62 112 43 50 58 66 57 43 45 78 82 65 30 113 131 171 174 189 155 177 197 159 125 144 146 121 83 75 104 150 177 174 172 182 195 189 191 193 188 163 123 101 81 58 42 42 111 162 56 59 67 65 54 49 51 54 61 133 133 146 163 161 157 159 156 156 157 159 159 157 156 155 155 153 155 153 148 144 143 139 133 
103 103 103 104 98 89 106 143 161 174 176 178 175 161 129 83 16 30 225 240 56 240 24 231 35 196 193 25 178 206 33 222 113 56 209 195 99 156 241 121 121 135 243 28 196 113 98 70 99 16 199 121 51 4 225 8 199 113 254 134 207 48 135 243 87 24 231 16 142 227 115 152 198 112 15 227 72 60 143 96 158 192 71 28 222 32 58 226 111 60 140 226 63 231 134 60 156 226 60 199 206 61 140 206 24 198 11 2 21 196 51 60 194 148 47 135 163 208 194 148 
101 101 100 101 94 85 104 143 162 175 176 177 174 160 130 84 73 87 96 103 102 98 98 95 94 109 148 139 157 154 153 150 116 51 58 74 106 77 90 73 50 0 0 0 4 0 64 0 0 0 64 0 0 0 0 0 0 0 0 0 0 0 1 0 0 0 0 0 0 0 0 0 0 0 0 0 0 0 0 0 0 0 0 0 0 0 0 0 0 0 0 0 0 0 0 0 0 0 0 0 0 0 0 0 1 0 0 0 0 0 0 0 0 0 0 0 0 0 0 0 
98 97 95 95 88 79 100 141 163 175 176 178 173 157 127 83 74 87 95 98 98 98 99 94 91 172 181 135 155 144 129 71 49 44 88 87 73 79 102 81 36 56 79 70 31 54 86 70 50 31 95 137 181 174 195 200 192 106 54 49 51 45 38 95 127 20 44 112 132 134 143 157 185 208 204 104 229 240 93 76 168 57 63 13 171 92 157 86 58 16 169 50 51 50 52 130 139 149 163 155 158 154 152 154 155 155 155 155 155 154 153 152 150 150 149 146 143 141 138 135 
98 97 94 93 85 107 97 139 163 175 185 181 175 156 126 84 79 92 97 106 99 101 110 89 85 173 160 132 146 166 102 50 48 94 57 47 46 94 106 63 44 47 53 83 45 45 55 54 43 57 121 163 173 186 198 198 125 76 54 54 90 65 61 107 219 159 82 93 116 131 135 155 188 215 149 56 59 72 136 141 50 50 52 49 50 76 159 92 75 65 48 54 52 46 79 142 141 156 160 155 155 151 154 151 0 143 15 241 7 112 194 148 39 135 163 208 194 132 47 135 
101 100 97 95 85 73 95 137 162 175 179 184 178 158 127 87 106 94 102 105 106 105 95 76 52 123 154 217 184 44 45 47 84 63 65 75 74 100 115 70 42 46 46 73 48 45 43 39 37 101 129 164 177 192 202 140 113 127 99 65 110 99 85 171 216 187 118 116 114 123 135 158 204 215 111 110 96 89 158 145 58 42 44 48 57 73 169 93 83 61 45 56 51 41 103 146 141 156 154 156 153 149 158 151 152 152 153 153 152 151 149 147 146 143 138 133 129 133 150 166 
101 101 100 91 88 74 93 139 162 175 178 182 178 161 131 88 86 94 108 110 116 88 42 95 139 161 193 142 63 69 63 98 77 44 71 79 85 108 117 94 58 40 45 48 52 51 45 28 75 123 172 44 198 201 130 118 160 15 140 121 110 121 210 41 173 168 153 127 125 127 127 158 210 196 130 131 128 151 148 228 120 60 55 51 73 135 194 251 79 52 48 51 55 43 116 138 151 154 156 154 151 150 153 158 159 157 153 150 0 0 0 0 0 0 0 0 0 0 181 191 
103 101 99 122 87 72 91 140 162 176 178 183 179 163 132 90 86 97 113 108 117 103 99 161 139 116 100 50 55 83 114 105 73 40 78 84 70 105 125 116 61 45 45 49 40 56 35 45 115 143 175 185 203 126 100 133 136 144 150 147 136 124 121 127 135 156 160 133 127 131 129 149 205 217 170 148 129 119 101 68 89 73 48 44 63 0 0 0 1 0 0 0 0 0 0 0 0 0 0 0 0 0 0 0 0 0 0 0 0 0 0 0 0 0 0 0 0 0 0 0 
100 96 93 85 81 65 86 137 161 175 179 184 181 164 133 89 85 96 103 110 110 129 155 129 79 66 81 42 53 59 103 114 91 49 59 73 100 95 104 107 63 49 45 45 57 43 27 89 128 164 181 206 134 89 121 138 154 154 153 153 151 147 149 159 159 168 162 137 132 131 128 148 193 214 181 157 141 135 123 113 107 80 47 48 68 61 162 130 65 53 48 53 42 99 142 137 159 156 152 151 151 151 150 149 150 149 149 147 144 143 139 130 135 165 189 194 192 191 190 190 
96 90 87 81 76 59 81 135 160 175 179 183 180 164 133 88 83 92 104 110 108 124 130 126 114 103 55 55 86 108 92 88 61 38 67 91 90 115 101 116 57 50 45 40 52 48 61 122 136 180 209 151 65 114 129 133 145 156 165 169 171 170 170 172 175 170 156 141 141 134 126 140 195 221 191 167 157 145 130 125 117 86 49 50 66 50 155 142 58 48 50 52 45 116 136 146 159 155 151 150 151 152 151 149 150 146 144 146 145 138 135 138 170 192 203 194 187 188 190 189 
91 85 85 79 76 58 81 136 160 175 179 182 179 164 132 87 81 95 104 124 138 140 141 102 88 66 59 74 92 103 123 83 43 37 51 75 97 104 94 89 114 70 49 49 45 38 104 119 161 205 173 53 92 115 124 134 146 157 166 170 174 175 173 173 170 171 160 145 142 135 127 134 180 220 190 167 159 140 132 126 122 86 53 54 68 45 149 151 59 44 50 44 62 138 134 154 158 155 152 151 151 151 151 150 148 147 143 143 141 130 138 165 197 196 194 194 193 190 190 196 
84 81 82 77 73 56 80 136 165 176 178 181 178 163 132 87 83 88 117 118 132 110 89 74 81 51 79 88 98 118 93 54 46 50 48 59 66 75 31 72 145 82 37 45 39 64 119 148 192 205 62 52 102 122 124 136 143 149 159 172 182 181 176 176 177 170 157 148 144 132 128 138 181 224 193 163 157 141 137 130 122 79 52 56 72 44 139 157 61 42 56 40 83 145 140 160 157 156 154 152 150 149 148 148 146 148 145 140 134 130 154 193 194 196 195 194 0 0 0 0 
78 76 78 72 69 54 71 134 160 174 176 177 167 162 148 87 79 96 103 121 122 102 112 97 91 91 92 46 87 118 74 56 50 51 35 36 63 62 49 77 104 142 36 44 31 95 179 191 221 116 35 57 89 102 179 167 15 18 160 191 96 199 47 126 150 128 127 236 13 76 64 150 68 164 88 107 160 41 116 126 162 138 209 139 187 218 94 88 181 213 197 209 148 116 104 92 99 101 101 103 106 108 109 108 110 111 110 118 125 108 77 55 63 59 62 65 58 51 204 201 
76 75 76 69 66 53 79 134 159 173 173 175 173 161 132 87 78 119 93 120 141 110 74 112 101 88 59 81 0 126 0 15 127 60 130 148 47 135 163 208 194 133 47 134 50 209 61 107 208 120 92 47 125 106 240 122 92 47 61 106 208 120 92 47 61 107 208 120 92 47 61 107 208 121 92 47 61 107 208 125 92 47 61 107 208 89 92 47 61 107 80 125 92 47 61 107 80 95 221 47 53 99 144 118 85 47 199 67 40 86 78 43 192 43 97 100 241 23 194 147 
77 78 75 105 63 49 93 141 150 172 165 170 129 169 140 82 76 124 78 143 137 69 84 116 99 34 88 66 99 255 95 33 50 43 174 171 102 79 201 179 36 193 91 26 82 122 171 206 68 28 63 65 92 116 126 131 137 144 152 157 160 164 167 169 166 159 142 133 129 129 116 133 157 208 214 160 153 146 138 130 103 48 49 63 78 28 107 167 104 38 47 72 137 142 159 157 155 154 153 152 151 149 146 145 145 137 140 126 152 188 194 192 194 196 200 206 209 208 205 203 
80 78 74 72 60 43 69 130 160 172 176 175 177 161 132 85 74 85 127 113 124 75 83 95 85 74 99 90 88 131 101 47 37 60 44 53 82 82 128 87 113 60 35 41 114 131 201 111 35 31 73 77 88 113 127 129 133 140 148 153 140 251 160 160 157 154 136 126 135 126 90 111 146 133 220 162 151 132 128 162 82 41 3 99 193 0 94 160 57 15 160 96 24 94 107 177 16 212 210 151 151 151 148 147 147 139 138 136 169 195 196 194 194 202 208 208 206 206 208 208 
85 81 74 73 61 41 68 131 160 172 176 176 178 162 135 88 88 127 105 116 114 71 83 105 88 63 99 66 91 123 92 74 51 52 45 47 97 93 104 98 45 37 35 145 130 136 170 66 30 40 75 81 85 114 128 127 133 139 146 150 152 155 158 160 189 159 131 109 7 15 0 255 152 195 28 195 112 135 99 12 194 148 47 135 163 208 194 148 47 135 162 208 194 148 47 135 162 208 194 150 47 135 163 208 202 150 47 135 163 208 202 148 46 135 163 208 202 118 143 3 
83 0 0 0 0 0 0 0 0 0 0 2 1 0 0 0 0 0 0 0 0 0 0 1 0 0 0 0 0 0 0 0 0 0 0 0 0 0 0 0 0 0 0 0 0 0 0 0 0 0 0 0 0 0 0 0 216 167 39 206 56 207 206 181 11 223 35 45 37 243 254 55 217 226 158 183 68 102 18 4 100 134 227 110 170 107 64 42 91 145 230 196 250 63 242 61 77 253 124 50 199 61 199 250 37 28 192 54 144 173 235 82 142 101 157 229 107 7 154 107 
77 79 76 73 68 65 95 141 159 169 173 175 179 164 138 93 78 86 107 114 92 82 91 89 52 104 93 70 89 110 134 102 48 48 90 53 28 86 106 35 61 60 116 155 190 118 22 57 41 38 85 92 107 124 126 130 132 154 152 155 146 152 31 26 26 88 76 250 250 234 234 166 191 32 115 29 12 74 188 184 238 168 186 137 131 247 237 27 80 130 142 86 82 51 77 165 211 66 58 162 143 65 42 19 175 27 49 78 250 74 71 11 61 209 170 173 5 188 150 205 
78 78 78 74 68 76 109 145 161 170 173 175 180 164 137 91 77 91 102 118 97 50 81 56 92 74 71 84 98 103 122 131 70 33 122 106 31 70 63 83 119 154 103 141 164 33 52 63 51 37 91 98 102 121 121 126 130 136 141 144 147 151 155 157 158 157 154 147 136 138 149 147 181 189 173 148 141 139 120 56 47 52 63 79 69 55 39 135 149 74 118 152 149 158 154 154 151 150 149 148 148 147 146 145 141 135 195 247 192 194 200 209 156 207 203 211 243 207 225 56 
78 75 77 73 64 76 0 0 0 0 0 0 0 0 0 0 79 94 91 136 109 57 76 102 87 45 66 79 98 107 98 131 110 59 95 85 58 42 122 145 179 123 98 174 63 49 54 59 62 41 84 101 100 123 126 126 131 136 141 142 145 148 152 155 157 152 151 154 142 148 181 181 199 196 166 146 145 129 71 43 48 55 77 74 68 62 53 123 155 93 120 146 135 148 158 157 151 145 132 155 159 148 153 149 180 138 153 168 207 64 205 209 206 206 207 209 209 207 208 212 
76 69 73 71 58 73 117 180 161 168 170 175 182 167 137 90 73 88 117 150 78 36 117 67 16 15 29 70 73 92 242 13 65 64 65 171 51 106 151 45 21 68 135 90 37 53 45 61 62 41 75 108 97 117 127 131 132 137 140 141 141 144 147 149 151 153 147 152 149 164 205 184 190 200 163 148 142 110 47 50 47 56 72 76 67 58 37 102 145 106 134 149 152 158 152 152 150 149 148 147 147 146 145 144 140 128 155 196 196 203 210 208 208 208 208 208 209 212 212 211 
69 66 72 66 65 72 111 148 160 170 173 181 181 166 136 93 71 97 123 113 92 65 107 55 62 72 72 87 73 75 95 87 126 142 47 49 145 125 157 188 102 119 70 22 79 60 59 60 69 42 67 103 92 114 124 128 131 136 141 141 138 139 143 148 147 150 143 149 159 168 188 197 197 189 162 134 143 77 42 54 48 57 69 79 67 59 34 93 148 116 138 145 154 153 154 152 149 148 148 148 147 146 144 142 137 131 160 194 202 206 207 209 208 208 209 211 213 212 212 212 
47 59 66 64 63 74 111 146 162 176 175 175 180 174 139 82 74 125 94 124 82 52 92 63 67 57 67 97 99 81 82 77 91 118 80 113 151 204 201 114 91 150 44 38 79 48 44 59 73 47 62 95 86 107 123 127 128 132 137 142 143 136 121 108 123 132 135 133 127 122 131 142 128 127 119 137 117 44 51 53 52 60 73 79 67 63 37 81 149 123 142 147 156 154 153 151 149 148 147 147 62 95 86 107 123 127 128 132 137 142 143 136 121 108 123 132 135 133 127 122 
59 56 63 66 63 81 114 149 166 175 176 180 178 163 135 94 120 96 103 145 77 59 50 65 69 60 73 128 102 99 81 100 106 71 105 136 160 217 149 84 153 91 41 48 51 55 47 62 72 51 57 88 82 100 123 128 127 129 133 140 146 142 122 102 102 244 127 18 24 2 0 216 4 27 213 194 135 130 198 136 229 151 208 143 213 5 172 97 69 69 7 151 219 56 71 84 1 180 24 48 66 80 4 144 2 33 122 10 70 164 88 101 1 27 17 199 110 117 4 13 
57 48 63 66 63 86 115 152 164 171 175 186 182 164 146 122 103 72 131 120 80 75 64 39 69 76 66 143 74 96 111 85 73 123 138 143 146 187 95 150 127 36 57 46 48 56 49 56 67 56 56 83 78 90 117 121 123 127 131 136 144 149 141 128 124 123 132 141 157 171 175 183 150 144 153 111 41 49 49 47 55 56 75 77 66 71 51 60 149 147 150 151 157 156 151 152 151 150 107 173 180 86 106 41 43 173 150 94 106 169 45 173 150 90 107 165 45 165 214 90 
55 54 58 59 60 86 110 148 162 176 177 179 179 172 147 104 62 109 129 98 67 104 68 39 81 69 98 146 88 78 89 107 92 115 157 128 169 130 152 151 50 53 55 49 38 50 19 57 65 61 58 78 74 78 105 113 115 123 129 133 139 147 145 139 129 124 127 131 142 151 146 182 142 154 143 67 42 53 49 43 55 53 77 80 69 72 59 59 148 156 150 150 156 156 152 154 153 153 150 148 147 145 143 140 132 128 184 214 215 213 212 212 151 247 212 210 1 128 12 36 
52 51 54 50 64 88 106 143 158 178 180 177 177 170 135 77 70 134 109 92 54 116 43 59 81 46 129 124 99 122 76 94 134 111 133 125 162 173 168 58 48 57 60 59 46 53 55 62 62 63 59 71 70 72 96 106 111 118 125 129 135 140 141 137 135 131 126 119 120 122 124 132 147 148 91 49 41 45 58 62 54 52 80 81 71 70 62 57 148 161 148 153 154 155 153 155 154 153 151 149 147 144 173 139 128 124 188 216 216 213 214 215 216 214 210 207 207 207 207 207 
51 159 28 47 39 181 208 139 156 47 21 162 208 159 141 63 35 177 209 136 149 43 71 41 240 93 128 75 3 156 110 66 106 122 126 98 167 171 78 21 42 221 244 5 115 224 153 8 130 223 138 180 65 145 60 213 41 173 170 49 195 148 64 250 249 179 31 113 44 55 180 74 46 153 9 176 175 127 121 36 119 66 168 127 205 124 253 86 184 18 42 126 169 18 25 92 246 134 208 201 79 254 202 151 177 12 195 106 107 53 109 92 246 4 41 18 146 75 0 157 
50 49 51 46 87 108 110 139 148 172 175 176 239 43 6 70 100 188 9 228 68 138 69 56 252 208 128 23 173 80 228 239 190 207 227 102 212 52 58 255 82 73 238 199 242 82 236 226 136 139 215 130 183 57 45 13 66 166 31 254 85 110 73 233 79 75 9 21 76 61 18 155 245 23 43 224 93 69 237 208 241 93 133 135 255 252 167 142 31 160 253 217 135 87 236 228 73 112 84 242 79 92 58 56 156 193 72 221 181 146 200 25 162 175 3 59 17 182 19 93 
46 49 46 55 83 100 114 137 154 177 179 174 176 164 142 86 70 102 89 58 86 74 47 66 58 54 105 97 60 108 130 120 100 136 121 89 110 74 51 54 49 56 61 47 54 53 52 48 52 59 53 58 58 58 68 49 65 85 108 124 132 136 141 148 152 160 168 166 164 170 168 154 145 49 58 55 47 58 61 53 55 57 102 83 77 75 69 58 145 162 147 158 157 149 153 150 150 151 151 147 147 137 140 136 122 128 214 220 215 213 210 214 215 210 213 207 202 209 210 203 
48 51 44 46 73 97 115 141 158 174 170 178 181 169 139 87 57 100 65 49 88 72 57 67 62 42 105 118 53 87 112 129 133 120 147 98 84 56 52 54 47 58 62 53 61 53 51 52 49 56 55 56 61 60 68 62 47 61 0 4 0 0 136 4 1 0 0 0 128 33 1 0 0 0 0 64 8 0 128 0 0 80 1 0 0 0 0 0 0 0 0 0 0 0 0 0 0 0 0 0 0 0 0 0 0 0 0 0 0 0 0 0 0 0 0 0 0 0 0 0 
46 52 44 40 64 89 110 140 162 168 172 181 171 169 133 69 111 133 90 44 84 59 60 62 45 42 95 142 94 70 98 110 111 131 145 127 150 76 34 54 56 53 79 46 59 50 55 52 47 52 55 61 62 60 63 74 60 65 71 79 92 104 116 127 139 148 157 161 161 155 148 145 111 39 51 56 50 62 64 49 55 71 94 87 86 83 74 66 150 156 125 120 133 135 139 146 146 149 152 142 145 141 134 129 113 165 217 219 213 208 212 210 212 206 198 177 135 77 38 34 
47 116 42 39 59 79 97 135 156 176 179 165 179 166 118 144 152 78 99 43 68 67 69 60 49 198 57 227 28 115 49 198 57 79 56 113 115 134 49 231 136 113 115 140 59 207 60 99 99 140 65 79 56 229 194 150 15 87 31 211 194 150 15 135 55 209 194 148 15 87 176 210 130 220 79 7 51 216 202 24 223 201 186 209 60 88 90 201 60 143 173 72 152 141 20 207 146 219 80 49 206 55 203 253 114 154 79 7 240 123 91 10 110 10 155 253 120 13 35 7 
72 65 51 41 57 67 81 127 154 173 166 178 174 158 170 136 62 85 76 32 80 70 51 66 84 53 71 122 128 96 75 130 130 79 109 115 75 128 152 83 36 74 64 48 71 51 50 49 51 50 50 56 60 59 46 70 95 116 128 124 124 130 137 140 140 146 145 140 144 155 171 188 201 214 199 161 105 48 42 47 52 73 93 84 80 86 75 80 158 136 122 123 121 114 112 107 110 109 118 120 126 125 124 118 118 190 216 204 205 211 208 204 198 183 110 48 47 65 77 83 
117 97 73 54 60 58 63 114 155 133 176 174 171 182 150 72 88 111 45 33 50 71 58 44 91 80 56 62 123 102 101 135 88 93 106 119 105 148 98 117 67 53 70 47 70 50 51 48 54 53 48 56 117 63 49 65 98 118 128 124 124 132 135 134 142 146 145 141 144 156 173 187 194 193 203 209 209 172 94 32 36 72 87 79 82 80 71 83 158 134 137 141 135 127 122 115 108 101 100 100 99 101 114 105 100 182 213 206 205 205 208 206 180 90 49 57 63 76 31 228 
140 129 111 87 77 56 52 106 153 171 167 168 179 169 127 104 152 80 27 45 50 106 65 34 109 86 74 39 87 101 40 108 69 122 119 118 114 141 107 70 116 63 72 55 76 60 41 33 54 53 62 54 33 72 55 50 82 97 101 114 112 138 134 132 148 135 131 156 151 172 189 178 179 204 201 195 216 215 220 140 37 56 82 66 75 66 78 92 147 132 157 128 130 133 136 139 118 124 100 105 82 111 119 107 95 189 222 222 220 192 192 164 80 58 77 65 94 82 93 88 
135 142 142 118 95 61 50 106 154 167 171 174 174 163 145 161 102 55 45 37 39 88 98 105 91 70 70 92 69 85 107 57 72 96 118 140 143 99 88 87 107 85 46 45 77 42 52 49 50 62 50 58 62 74 61 59 97 111 122 124 125 127 135 144 145 135 138 149 155 163 175 183 189 189 192 197 202 204 209 226 160 46 70 71 68 78 52 93 154 145 152 141 143 141 137 139 132 131 123 117 104 109 137 107 98 199 212 207 216 208 186 95 38 77 91 79 88 98 88 87 
125 147 151 142 124 68 51 105 154 171 174 174 177 154 170 172 95 52 48 52 61 58 57 73 55 60 71 72 42 113 59 65 74 99 92 134 144 124 74 144 97 106 41 51 101 55 57 40 102 59 221 216 135 102 182 79 105 128 104 147 95 250 145 113 166 67 166 56 89 50 184 99 189 116 185 48 36 166 121 186 41 170 20 231 229 41 85 32 0 87 238 214 185 64 5 247 20 254 21 151 45 79 248 189 157 204 131 198 233 144 253 221 5 175 40 192 96 174 74 240 
90 127 151 158 141 87 51 104 155 173 175 176 182 161 155 142 84 32 52 44 56 67 51 45 74 79 39 52 68 64 89 59 71 84 100 124 127 130 127 102 110 117 58 39 76 61 54 52 56 66 52 56 68 106 94 45 88 117 122 126 132 139 137 140 139 142 145 151 158 163 167 173 176 180 186 191 196 201 206 209 218 227 135 35 54 65 49 110 151 143 147 146 144 144 139 141 140 137 132 127 128 126 135 120 161 213 214 214 208 192 111 71 93 92 92 106 112 97 92 99 
18 98 148 172 158 104 45 101 152 177 181 177 177 163 151 143 65 38 40 54 68 48 57 38 96 71 61 44 73 54 80 78 82 79 89 110 116 134 156 66 95 149 65 32 58 66 45 46 55 67 52 50 70 115 104 45 80 116 127 131 133 139 138 140 140 143 146 150 156 160 164 169 173 177 182 188 193 199 205 208 206 223 220 80 43 67 39 124 147 144 148 146 143 144 141 140 140 135 135 127 130 124 140 143 189 213 215 212 212 165 79 87 95 94 107 111 100 94 97 105 
31 75 145 175 166 108 37 100 155 201 214 65 97 234 24 125 116 203 203 224 182 11 201 115 107 177 81 67 17 208 125 143 80 99 99 238 161 81 58 148 241 122 129 128 239 93 169 142 7 12 250 119 232 49 107 242 194 166 97 112 119 231 249 182 175 15 5 84 231 76 225 25 87 240 139 209 125 111 161 199 109 131 40 114 243 147 128 158 144 87 173 187 129 238 255 3 197 228 255 73 216 172 5 221 219 125 241 1 123 132 22 175 162 132 255 247 5 227 52 30 
33 62 141 171 170 106 32 98 159 173 176 177 245 187 144 127 75 42 62 252 85 247 165 218 172 252 211 135 5 46 253 125 243 85 129 155 160 115 243 154 197 47 218 221 242 6 213 164 248 74 110 29 241 7 255 14 252 1 249 3 255 15 126 6 249 1 127 224 79 84 21 168 1 30 116 0 253 198 51 222 72 29 181 219 228 156 49 137 238 115 154 82 128 79 177 104 142 67 129 96 70 111 185 59 222 27 218 45 172 131 90 162 239 233 235 212 219 224 227 226 
34 50 30 31 94 188 120 240 30 60 124 188 248 224 62 58 58 188 252 240 124 26 62 240 241 192 88 228 112 240 224 193 112 160 248 224 193 209 88 114 89 242 193 131 56 225 225 228 206 7 241 185 192 192 193 195 65 65 230 192 194 134 225 181 131 66 7 15 195 139 130 2 148 145 143 166 129 255 246 243 243 202 228 219 146 35 19 143 173 168 175 174 179 147 176 187 180 190 188 103 185 244 235 243 239 196 228 247 148 103 97 64 83 79 91 101 95 116 90 90 
31 43 126 169 171 115 35 89 159 173 177 177 183 168 149 106 46 64 41 41 48 35 60 104 89 46 48 65 49 36 61 53 61 85 109 75 122 146 143 121 156 117 68 49 65 58 52 59 55 51 58 78 118 128 114 60 93 124 131 135 138 141 135 136 136 141 143 144 148 152 156 161 164 170 177 183 188 194 201 207 212 216 209 225 197 31 60 144 148 148 143 145 142 0 0 0 0 0 0 0 0 0 0 0 0 0 0 0 0 0 0 0 0 0 0 0 0 0 0 0 
29 42 122 172 171 125 41 88 157 174 178 172 176 163 156 110 62 46 47 45 52 63 68 57 95 54 45 70 47 47 52 53 71 56 79 126 134 130 90 124 154 105 95 77 63 60 66 53 55 49 64 93 130 125 108 60 97 126 131 135 138 140 136 138 135 140 142 142 146 151 155 160 162 168 175 182 187 194 201 207 207 207 218 214 227 64 59 10 84 31 156 221 168 138 142 136 134 130 127 119 164 212 207 209 215 216 202 149 114 105 97 20 10 16 26 7 16 0 0 0 
30 39 112 167 171 131 44 63 156 111 242 125 177 82 85 229 170 86 149 86 85 161 170 84 181 86 85 168 42 84 165 85 23 162 10 85 173 85 89 170 34 85 170 85 152 170 86 149 170 85 170 170 86 181 170 85 170 170 84 165 170 5 170 58 84 169 170 185 170 98 84 171 74 194 192 63 135 163 208 194 140 47 135 163 208 194 156 47 135 163 208 194 132 47 135 163 208 198 148 63 151 163 208 66 148 47 151 187 208 236 181 42 183 85 192 21 113 244 121 92 
35 33 100 164 174 135 47 83 151 171 179 180 182 167 151 119 48 51 47 41 45 64 57 50 68 58 47 53 59 38 52 59 82 68 85 100 114 102 127 95 60 45 43 52 55 67 76 58 45 66 86 111 128 137 84 74 116 132 8 135 140 142 138 138 15 173 139 142 144 148 153 188 156 164 137 175 176 189 212 202 205 210 211 241 227 155 85 149 155 135 147 29 188 138 69 29 14 127 133 125 158 209 201 204 215 214 161 114 114 104 94 102 90 87 102 105 95 95 92 96 
41 32 90 160 173 142 60 86 153 172 177 176 177 165 154 131 61 53 40 56 75 62 41 56 65 50 61 53 60 51 53 70 65 76 71 114 131 94 74 129 107 77 53 57 56 49 52 49 43 74 98 121 124 126 73 84 125 136 139 138 142 142 139 140 136 137 138 140 144 147 151 153 157 162 166 172 181 188 194 199 204 210 211 209 220 198 122 142 134 143 143 144 146 144 143 138 134 140 133 137 142 155 173 213 221 204 140 113 107 95 97 98 77 91 109 97 91 95 94 94 
39 33 83 153 165 143 69 85 147 169 177 177 179 169 152 129 77 49 43 60 57 46 49 58 61 61 62 53 58 47 63 69 42 104 63 61 87 118 50 89 159 91 41 43 58 51 42 48 55 80 77 121 188 44 68 99 164 153 76 205 144 142 172 156 74 201 137 141 176 131 87 89 156 160 132 154 119 88 254 36 178 168 52 35 170 137 32 3 92 110 102 136 2 78 222 111 119 169 180 151 0 0 0 0 0 0 0 0 0 0 0 0 0 0 0 0 0 0 0 4 
38 32 75 155 170 149 77 81 143 169 177 175 178 173 147 119 75 57 49 46 45 46 54 65 56 63 62 47 48 42 56 57 70 110 108 48 40 70 68 101 102 51 46 54 46 42 41 52 73 93 118 116 129 86 62 120 134 136 139 142 145 143 140 140 139 137 136 139 143 146 149 153 155 159 163 167 175 182 188 195 202 205 214 213 208 221 183 87 75 81 85 97 110 118 129 135 140 142 158 151 130 136 183 216 210 173 121 93 83 96 89 71 99 232 88 86 102 97 86 60 
35 27 62 155 182 162 84 77 144 171 175 172 176 175 141 111 92 43 47 54 46 56 65 55 53 57 68 49 46 59 48 55 75 102 136 97 63 79 87 73 115 46 20 47 44 111 61 57 80 108 124 127 111 59 88 133 134 135 139 142 143 143 142 141 140 136 135 138 141 143 146 150 153 158 161 165 172 179 186 193 204 202 211 215 212 219 201 79 81 83 77 76 78 78 84 88 104 126 148 151 143 146 196 223 201 144 91 70 81 91 80 90 102 94 93 92 104 99 69 54 
44 40 60 148 180 170 93 73 139 167 176 178 183 177 134 103 90 49 46 38 47 61 56 51 51 66 59 60 53 47 55 54 39 77 117 141 106 101 91 45 41 250 186 27 163 139 254 86 65 106 102 109 95 41 101 155 153 150 149 147 147 144 142 144 147 151 150 148 149 146 145 138 137 133 128 188 183 174 169 161 215 215 209 205 200 201 199 115 69 122 126 72 82 95 39 46 45 89 104 171 170 185 209 201 177 122 95 93 81 76 73 114 67 72 66 120 121 68 34 40 
70 75 81 149 178 180 107 78 144 166 171 173 179 175 135 111 75 40 56 54 53 53 45 55 58 60 60 60 49 48 41 52 60 43 74 135 140 92 113 67 42 49 40 46 43 38 65 81 110 117 120 81 37 103 132 135 136 137 139 140 139 142 145 143 142 139 137 138 139 139 142 147 149 154 157 160 167 173 181 189 196 201 206 207 212 212 226 147 85 105 109 100 91 81 68 51 41 29 131 213 172 171 213 210 135 65 62 77 73 81 102 100 83 86 86 108 101 79 62 55 
95 89 101 148 182 181 126 84 136 171 175 178 250 180 121 115 255 255 222 0 16 253 119 98 176 22 53 163 239 255 255 14 0 97 243 125 7 20 54 98 255 17 128 144 236 255 191 8 0 40 229 255 55 0 0 128 254 223 1 0 0 184 254 255 0 0 210 229 147 181 136 12 70 92 65 158 235 224 93 226 73 175 157 71 108 113 1 238 38 254 160 213 52 74 90 158 102 62 190 126 226 96 92 131 131 20 52 190 83 89 47 32 48 49 118 206 97 9 108 106 
82 107 118 149 177 173 127 86 136 169 175 177 182 181 129 112 70 42 51 51 48 48 57 48 46 65 67 56 72 45 52 77 62 61 74 72 94 89 90 50 46 48 41 35 47 72 95 108 105 58 46 82 115 127 133 138 135 140 139 138 140 142 142 143 144 143 142 140 139 139 141 142 149 147 152 158 161 166 173 179 186 195 199 206 210 213 219 205 213 171 28 157 4 213 213 35 136 181 103 89 245 169 81 57 138 84 213 135 194 115 13 72 85 133 50 119 226 20 21 84 
68 102 0 0 0 0 0 0 0 0 0 0 0 0 0 0 0 0 0 0 32 0 1 0 0 0 0 0 0 0 0 0 0 0 64 0 1 0 0 0 0 0 0 0 0 0 0 0 0 0 0 0 0 0 4 0 0 0 1 0 4 0 0 0 0 0 4 0 0 0 8 0 4 2 0 16 8 8 6 10 4 48 8 12 6 11 6 48 8 12 6 11 6 48 28 140 6 139 6 0 0 0 0 0 0 0 0 0 0 0 0 0 0 0 0 0 0 0 0 0 
51 78 94 126 171 171 137 98 130 163 177 181 185 183 137 81 50 46 51 52 64 51 67 54 47 76 63 64 110 81 46 83 42 79 82 59 117 127 72 48 46 49 42 38 45 55 64 76 95 119 123 118 126 130 128 134 135 137 137 138 141 141 141 145 146 146 145 144 142 141 140 140 144 147 151 155 159 172 143 160 184 191 195 203 207 211 206 224 163 73 96 99 105 106 101 39 47 107 117 14 117 77 114 86 83 76 89 108 3 75 66 87 101 241 114 126 75 60 87 245 
55 59 77 115 172 181 148 100 131 164 178 181 184 180 160 62 51 51 46 54 62 54 100 62 42 79 57 51 102 106 41 95 91 31 104 68 100 107 77 34 47 44 43 53 72 86 98 111 120 123 126 129 130 127 126 131 135 136 136 138 143 132 141 145 146 147 145 145 144 135 143 142 144 146 149 152 156 166 169 174 182 183 192 205 200 213 208 220 192 77 91 103 104 106 112 115 115 117 111 103 88 93 107 87 74 88 99 89 82 73 66 88 116 117 110 93 63 60 59 48 
61 52 54 108 187 207 177 111 133 166 177 178 179 176 116 53 54 55 44 55 57 57 67 67 40 97 54 58 91 112 72 59 97 44 69 88 58 103 75 43 44 42 49 70 94 112 118 118 121 123 124 123 126 133 134 129 133 136 136 136 139 140 141 143 146 146 146 146 146 147 146 146 145 147 150 151 155 161 168 172 180 179 190 196 199 210 209 211 212 97 78 98 104 111 119 118 118 118 111 107 109 111 109 98 88 94 96 75 72 76 79 112 121 117 98 75 56 57 50 60 
48 55 57 110 196 206 194 131 128 165 178 180 182 182 115 66 50 54 49 58 59 64 68 64 55 100 48 74 89 93 109 43 98 62 61 88 58 77 110 84 38 47 71 92 100 108 117 117 116 127 128 126 129 129 128 135 132 137 137 135 138 140 141 142 146 145 145 146 147 148 148 148 147 150 152 153 156 162 167 169 176 180 189 192 199 204 205 207 220 133 75 90 100 109 117 118 122 117 112 111 123 126 106 93 100 86 88 83 2 192 223 30 248 184 194 148 47 135 163 208 
