38 37 36 35 34 34 33 33 31 32 33 35 38 39 39 38 49 125 234 239 234 236 232 237 236 230 171 237 234 237 239 235 183 116 88 96 93 130 89 229 239 232 237 174 228 227 235 236 234 226 234 234 239 240 238 203 239 238 237 237 236 235 239 243 238 233 231 234 239 239 237 236 230 235 239 239 237 237 238 239 239 237 240 235 33 233 242 237 231 231 48 240 224 223 239 176 226 219 252 233 239 224 192 255 223 223 131 204 234 250 223 217 157 229 16 254 255 249 142 4 
35 35 34 32 32 32 32 32 31 31 33 35 38 39 39 39 34 91 227 235 234 231 229 234 227 244 229 234 233 227 238 209 117 107 87 90 156 239 102 247 236 231 234 237 234 234 238 240 239 238 99 232 235 240 241 239 236 202 234 235 203 234 237 209 112 235 231 234 103 209 239 235 234 238 240 209 224 238 238 112 249 203 116 235 255 234 56 73 125 106 93 73 107 227 249 43 233 195 9 1 124 124 109 246 44 20 124 253 79 73 56 51 48 106 200 216 231 229 199 252 
32 31 31 30 30 31 31 31 31 31 32 34 37 38 39 38 32 53 196 232 236 233 233 232 236 235 228 239 235 232 218 142 105 97 98 153 231 230 246 231 237 237 234 235 239 237 233 236 239 239 237 234 235 239 239 239 235 235 234 236 236 235 236 240 241 237 232 234 240 243 239 234 235 236 240 242 239 233 233 237 241 236 232 237 241 238 232 236 238 239 233 228 233 237 233 229 219 228 233 235 227 200 209 227 234 234 232 211 102 237 219 200 228 190 201 225 234 216 197 252 
29 29 29 29 29 26 30 31 31 31 31 33 36 38 38 38 42 2 137 232 235 239 236 199 239 228 234 235 253 226 49 104 65 94 217 206 125 229 81 249 235 242 230 234 192 245 45 237 96 229 85 113 39 105 99 234 87 118 37 104 99 230 83 113 30 137 113 100 81 108 32 93 112 134 19 14 6 133 25 2 7 48 9 24 16 13 80 22 5 27 123 58 238 236 223 221 225 240 234 228 222 210 223 226 228 232 230 211 233 234 213 199 210 201 222 235 222 194 203 252 
28 28 28 29 29 30 31 31 31 31 31 32 35 37 38 39 43 35 80 229 231 238 234 232 230 236 237 229 234 187 108 106 79 154 236 230 243 234 232 231 230 239 238 236 241 238 232 238 236 238 237 232 232 234 236 238 238 237 237 238 237 234 232 232 238 240 240 237 236 239 238 236 235 235 238 240 238 233 234 240 237 240 233 226 234 237 232 234 234 232 224 226 234 224 213 217 235 234 209 217 229 229 227 212 218 223 222 208 228 216 190 185 222 235 230 220 203 186 216 251 
28 28 28 28 29 30 31 32 31 30 30 32 34 36 37 37 35 45 54 207 232 233 232 237 236 232 235 240 199 135 100 85 134 231 238 242 234 236 230 225 233 239 240 239 240 238 235 237 238 239 236 230 227 233 238 242 236 234 234 237 237 232 230 229 237 241 241 237 235 238 239 173 233 235 237 236 234 234 253 239 229 234 230 224 231 235 234 231 224 221 218 216 223 219 218 226 229 221 201 220 238 174 216 207 196 222 221 201 201 236 188 205 226 200 84 78 193 209 214 138 
28 28 28 28 29 30 31 31 30 30 30 31 34 36 37 37 33 46 48 155 236 231 235 237 240 227 231 214 147 30 31 34 36 36 37 33 46 48 155 236 231 235 237 240 227 231 215 147 99 96 86 217 213 243 230 235 235 231 242 235 236 238 238 235 237 237 229 233 236 235 230 227 230 237 240 235 232 232 235 237 236 234 234 237 238 237 233 234 239 239 233 229 235 235 237 227 232 236 44 224 221 223 227 230 104 231 81 209 213 219 217 248 223 227 222 217 218 245 242 219 
27 27 27 28 28 29 30 30 30 30 29 31 33 36 37 37 35 40 59 103 237 231 238 233 225 243 231 153 109 114 70 139 231 240 105 142 225 233 240 232 103 226 230 234 233 240 250 224 240 231 236 234 174 225 225 226 234 232 225 205 224 241 209 241 224 137 231 224 201 239 229 194 117 224 206 226 160 129 119 226 211 222 151 202 113 224 219 204 203 214 227 221 214 234 227 207 192 195 207 216 209 208 186 203 203 188 186 208 235 199 171 202 222 201 184 0 2 0 0 0 
154 27 28 28 29 31 158 30 30 31 32 33 32 34 36 38 33 48 33 89 220 233 239 228 232 230 184 112 82 83 99 222 237 235 234 233 232 239 239 228 223 223 235 234 238 219 212 202 198 185 162 187 39 218 91 239 234 238 239 235 232 234 237 238 242 232 229 234 219 238 240 228 223 227 226 224 225 222 219 223 210 228 210 217 220 219 200 197 201 211 212 221 214 224 211 179 153 180 200 203 187 160 154 174 201 184 181 212 197 161 165 221 199 170 190 199 177 160 165 251 
27 27 27 28 29 29 30 30 30 31 32 32 32 33 36 0 0 0 1 0 0 0 0 0 0 0 0 1 0 0 1 0 0 1 0 0 0 0 0 0 0 0 128 17 0 5 0 0 0 0 0 34 146 4 176 0 8 4 0 0 0 8 64 113 0 128 0 4 64 6 3 140 128 0 4 67 64 128 2 0 64 103 2 32 96 128 64 99 147 68 0 0 0 0 0 0 0 0 0 1 0 0 0 0 0 0 0 0 2 0 0 0 0 0 0 0 0 0 0 0 
26 27 27 27 28 28 29 29 60 31 31 32 32 33 35 37 38 33 38 61 182 236 231 234 225 137 99 82 66 137 243 232 239 237 232 220 207 197 199 201 187 175 159 187 149 151 148 181 157 136 139 148 158 168 243 243 243 201 237 210 223 229 254 160 36 139 213 240 116 194 251 222 21 212 160 164 112 144 56 157 219 155 233 33 125 138 173 184 244 66 68 40 179 144 242 118 112 5 13 182 14 117 86 106 108 170 150 45 213 138 133 108 116 118 193 236 54 70 103 3 
25 26 26 27 27 29 28 28 30 31 31 31 31 32 34 36 38 34 39 46 140 234 228 226 167 96 106 75 108 231 237 230 232 226 201 168 150 150 158 133 156 156 142 142 142 160 148 137 151 150 66 105 153 83 183 96 1 147 217 202 48 215 206 178 242 63 247 30 251 122 111 121 0 228 140 116 111 141 73 75 117 148 249 108 46 181 179 175 123 80 127 76 214 151 165 167 96 109 103 70 122 169 54 231 61 92 171 89 153 91 244 10 229 5 247 58 65 247 227 175 
25 25 26 27 27 27 28 28 30 63 31 31 30 31 33 34 34 41 37 40 99 233 230 210 110 107 81 118 200 216 192 183 173 185 172 149 177 152 217 152 156 160 145 157 146 148 131 123 145 141 85 153 146 134 140 194 156 251 220 220 218 213 78 201 217 199 199 180 160 154 150 132 167 172 154 117 90 81 86 97 99 93 72 65 72 75 84 83 62 63 67 57 59 211 73 99 123 117 86 203 133 130 97 94 121 4 133 108 101 102 142 150 150 184 173 140 110 61 121 248 
25 25 26 26 27 28 28 28 30 30 31 30 30 31 32 34 31 43 36 40 71 214 229 177 97 93 56 148 214 160 151 138 135 158 161 153 159 161 150 142 143 145 150 160 146 133 130 143 140 132 148 157 148 127 120 151 217 220 211 195 190 197 199 193 177 158 183 170 120 122 152 125 123 99 62 41 41 41 36 34 33 39 38 33 36 33 44 38 42 34 32 33 30 35 14 21 21 20 30 44 44 43 53 62 93 105 82 91 123 89 82 82 77 122 87 81 86 112 102 252 
26 26 26 25 27 28 28 29 30 30 30 30 29 30 32 34 32 40 35 42 57 177 216 131 94 71 107 217 179 153 146 157 159 168 155 141 145 143 139 148 142 141 145 142 139 131 139 147 145 120 114 120 121 117 113 119 176 190 184 160 159 181 190 179 145 139 124 85 63 39 42 46 50 57 55 46 41 46 71 101 118 108 108 116 128 112 107 87 68 60 50 50 37 42 39 41 41 29 28 26 20 29 73 34 221 1 136 23 18 18 14 38 8 13 45 15 12 47 13 12 
26 26 26 27 28 28 29 29 29 30 30 30 29 30 32 33 35 36 35 42 53 145 201 95 85 93 188 225 164 139 128 166 164 169 188 151 152 133 138 143 242 254 187 189 5 1 3 12 76 82 17 24 36 47 113 118 60 121 61 60 122 2 66 74 68 18 175 172 191 183 246 244 179 178 233 168 224 237 67 77 81 80 22 18 83 83 84 84 20 13 79 82 85 83 9 13 77 78 76 80 77 79 84 15 39 97 226 232 243 241 250 246 240 238 243 240 238 237 241 238 
33 21 26 28 31 31 27 24 30 27 28 31 31 28 30 35 34 32 37 35 51 101 146 85 72 154 226 207 139 150 143 167 156 151 150 150 146 147 147 140 138 152 155 134 144 155 152 125 106 115 116 104 91 101 86 88 73 95 121 69 220 54 26 18 22 26 31 46 65 75 82 92 145 142 161 195 206 195 198 215 213 211 207 203 198 193 187 183 181 175 167 163 164 164 158 152 151 139 127 116 97 73 54 46 44 31 24 25 24 16 12 14 18 13 99 120 109 39 142 85 
24 24 28 28 24 28 27 28 31 29 29 33 32 29 29 33 34 33 41 36 34 67 118 90 105 217 230 219 167 155 161 169 158 151 146 140 136 144 151 148 126 124 140 146 148 123 123 113 104 102 96 88 81 74 66 58 54 41 29 16 19 22 18 27 24 34 42 50 59 71 100 135 178 190 203 209 211 213 215 156 218 214 218 207 202 192 191 187 190 179 173 168 142 167 164 160 166 211 154 139 147 163 124 62 10 80 48 12 143 9 135 131 131 15 208 14 12 16 15 252 
27 24 23 27 28 26 26 26 25 23 24 27 29 29 30 32 36 29 36 38 36 51 88 85 136 238 229 224 173 162 172 164 167 163 156 144 135 139 142 135 124 129 142 136 131 110 108 106 96 91 80 71 64 55 41 29 20 14 13 10 17 23 21 31 37 46 59 78 104 128 161 194 201 216 223 217 214 221 224 219 218 216 213 209 204 198 194 191 183 181 177 175 171 169 167 166 167 163 160 163 162 156 152 151 139 129 115 104 89 66 39 20 21 15 16 19 10 9 10 254 
30 24 26 26 32 21 34 34 30 28 26 25 26 29 31 31 39 29 33 37 40 48 71 93 203 235 129 131 12 135 152 152 4 1 185 15 19 22 0 14 1 6 0 0 3 248 253 250 254 255 242 232 227 212 201 204 195 198 250 197 215 197 182 181 174 169 170 180 166 144 191 49 19 39 25 29 88 22 249 247 226 228 160 165 244 21 55 34 71 238 237 233 233 232 169 178 235 232 233 236 174 227 55 92 86 84 13 4 74 86 131 250 0 122 225 231 15 86 115 27 
25 27 34 25 31 33 63 49 48 47 40 31 27 30 31 29 36 35 37 32 32 38 55 111 206 219 244 235 175 30 126 127 138 169 209 55 19 3 117 101 34 15 14 247 31 158 192 9 15 45 210 212 122 4 156 81 26 174 205 101 7 147 156 244 175 149 215 194 23 175 21 197 234 125 97 193 226 218 246 201 49 68 75 222 111 72 38 99 209 169 140 21 251 237 251 206 31 90 216 245 148 216 35 27 121 120 38 111 196 226 140 177 254 61 222 246 148 82 28 92 
31 28 26 37 47 76 94 47 51 52 45 33 27 31 33 31 30 34 36 30 36 38 38 112 209 231 224 221 206 152 125 147 126 123 123 122 119 120 119 111 103 85 81 78 83 66 62 61 48 36 24 18 19 21 23 26 30 20 27 36 39 37 52 93 142 178 203 204 204 207 212 217 219 220 221 221 225 227 223 215 216 213 208 204 200 195 191 188 182 173 169 174 180 178 174 172 177 173 167 163 160 157 152 149 145 144 140 135 127 117 107 101 89 69 47 32 18 18 16 254 
56 26 20 91 78 108 84 38 38 44 42 30 24 29 33 31 29 31 32 29 41 40 35 133 218 239 224 224 232 148 121 134 122 0 0 0 0 0 0 0 0 0 0 0 0 0 0 0 0 0 0 0 0 0 0 0 0 2 0 0 0 0 0 0 0 0 0 0 0 0 0 0 0 0 0 0 0 0 0 0 0 0 0 0 0 0 0 0 0 0 0 0 0 0 0 0 0 0 0 0 0 0 0 0 0 0 0 0 0 0 0 0 0 0 0 0 0 0 0 0 
39 0 0 0 0 0 0 0 0 0 0 0 0 0 0 1 0 0 0 0 0 0 0 0 0 0 0 1 0 0 0 0 0 50 0 17 22 13 74 6 5 5 249 249 185 253 245 240 247 250 187 227 233 239 230 211 251 180 180 176 177 185 248 177 176 186 181 178 241 230 168 168 154 170 86 117 105 97 249 236 166 167 166 167 232 11 122 22 16 110 248 246 174 238 218 158 90 99 180 20 80 246 225 214 46 82 219 240 247 194 34 83 207 157 176 99 131 232 87 121 
40 84 34 82 49 85 54 27 34 31 45 27 24 24 30 12 40 1 98 111 117 48 33 188 240 166 171 206 82 163 100 206 37 103 121 92 99 41 172 1 254 34 199 56 54 53 47 40 27 21 16 18 22 24 25 26 20 32 36 49 108 173 193 201 201 201 201 204 208 210 211 210 215 218 221 221 219 215 213 212 211 206 201 199 197 194 187 181 185 186 186 182 178 177 177 180 186 177 170 170 169 164 157 154 149 143 141 142 139 137 128 113 109 105 108 91 85 70 62 249 
39 26 24 50 33 69 61 33 33 31 44 27 24 24 30 28 29 28 32 34 26 39 39 190 236 239 234 240 243 221 167 124 105 107 101 89 85 121 26 70 69 72 239 65 78 237 225 234 224 78 183 230 192 166 221 114 15 216 211 167 164 10 7 175 166 170 169 3 2 169 162 170 177 24 42 193 87 63 24 66 95 255 240 240 242 178 134 73 69 72 93 31 129 22 183 186 246 19 179 132 252 193 185 6 162 210 136 150 22 0 163 203 219 55 185 190 14 237 25 128 
37 32 26 51 50 61 64 33 33 31 42 29 23 24 28 27 31 25 32 32 28 36 29 180 226 232 216 227 222 233 202 137 124 126 115 99 95 92 82 73 73 70 65 58 52 46 35 26 19 17 19 23 26 27 30 33 43 56 71 89 171 204 201 201 205 204 196 204 206 208 209 209 207 209 213 215 215 212 211 211 208 206 203 201 140 197 190 177 189 189 188 186 183 181 179 178 177 177 176 174 168 162 161 162 160 152 145 140 140 143 133 113 115 106 105 96 97 85 78 250 
40 32 29 71 86 54 57 35 32 31 41 31 22 24 25 27 32 25 34 32 30 34 26 169 217 219 213 232 218 222 213 144 132 127 109 96 99 96 80 66 64 63 60 55 49 43 31 21 20 20 23 26 30 32 38 43 53 68 86 95 175 192 193 202 202 202 201 202 204 207 210 211 206 208 211 213 214 212 212 211 210 209 205 204 203 199 194 188 191 190 0 0 0 0 0 0 0 0 0 0 0 0 0 0 0 0 0 0 0 0 0 0 0 0 0 0 0 0 0 0 
42 34 23 63 92 43 49 37 32 31 40 34 22 25 23 27 27 25 35 34 33 37 34 152 232 220 218 228 223 216 210 131 134 118 102 87 88 85 75 68 58 59 57 53 47 39 29 20 21 22 26 31 34 39 47 54 67 77 92 98 175 191 190 205 203 201 201 202 204 207 210 213 211 210 212 213 214 214 213 212 208 206 205 204 202 199 193 189 190 189 187 185 183 180 177 174 171 174 177 178 177 173 166 161 159 152 147 141 134 135 133 123 121 111 106 104 106 96 94 247 
40 43 25 46 85 48 48 34 32 32 39 37 22 26 22 27 25 28 33 34 31 32 33 110 240 232 228 212 211 216 220 153 132 109 97 94 83 72 68 64 58 59 57 52 45 37 27 19 20 22 27 35 41 47 56 63 77 82 88 100 174 198 192 195 203 204 204 205 205 207 210 212 212 211 212 213 215 215 214 213 209 208 207 206 204 200 195 62 188 189 186 184 181 178 162 167 174 176 186 180 181 187 171 163 159 150 146 143 135 132 132 129 120 112 106 108 79 96 98 245 
35 48 30 39 84 60 49 32 33 32 38 40 22 29 21 27 26 33 30 35 30 30 32 61 217 231 235 218 212 227 227 191 143 100 86 92 79 70 70 63 58 58 56 49 43 36 27 20 18 21 29 41 51 58 66 71 81 84 87 101 162 1 0 0 0 0 0 0 0 0 0 0 0 0 0 0 0 0 0 0 0 128 0 0 0 9 64 64 36 153 0 16 0 196 69 18 12 26 2 230 231 219 64 93 17 238 246 219 175 186 236 238 247 251 223 123 250 255 247 223 
35 47 26 32 81 63 45 35 33 33 38 41 23 28 21 27 26 35 28 39 36 37 39 38 203 215 213 204 196 223 218 212 203 129 90 89 74 69 72 61 55 55 53 46 40 35 28 22 16 20 32 47 59 67 73 77 82 89 92 104 148 188 188 190 196 199 203 205 207 209 212 215 210 209 209 210 213 215 215 213 208 208 208 207 204 199 194 191 186 187 187 183 177 174 176 178 175 177 177 174 173 175 173 168 162 142 136 142 136 126 124 126 117 113 110 115 109 97 106 247 
39 48 30 34 60 73 38 41 32 33 37 39 30 20 21 28 26 29 32 36 36 34 35 38 167 222 228 206 186 204 182 187 184 145 83 80 82 62 66 64 54 31 51 47 48 36 23 26 18 24 37 53 129 109 79 85 84 87 87 105 143 193 191 186 0 0 0 0 0 0 0 1 0 0 0 0 0 0 0 0 0 0 0 0 0 0 0 0 0 0 0 0 0 0 0 0 0 0 0 0 0 0 0 0 0 0 0 1 0 0 0 0 0 1 0 0 0 32 0 1 
44 45 26 23 44 69 59 73 36 35 37 38 33 23 22 26 27 28 32 36 37 35 36 39 128 212 221 220 211 212 173 176 171 142 93 86 82 63 62 46 54 57 50 45 49 40 29 18 21 25 38 55 70 75 81 87 16 91 89 103 137 55 125 39 187 201 139 67 133 85 209 210 148 208 185 240 43 245 245 90 95 39 220 7 239 105 58 212 165 75 82 192 102 223 131 50 255 0 172 20 159 38 119 98 70 123 61 16 0 136 121 129 121 123 119 113 110 104 106 249 
40 39 30 24 33 58 62 77 39 36 37 39 35 27 23 22 27 28 31 36 37 37 183 170 53 122 63 92 55 96 200 160 60 178 107 113 220 215 40 254 229 2 74 102 21 67 187 110 122 43 32 96 116 185 152 198 211 50 51 13 228 151 143 136 247 16 181 220 10 165 11 142 236 172 4 194 58 135 229 61 158 154 95 42 246 74 226 232 173 206 226 12 168 87 232 214 120 38 124 20 163 74 76 77 18 82 82 144 60 166 174 234 63 252 70 221 55 34 224 185 
38 36 37 29 25 40 44 51 35 34 36 37 34 27 23 23 27 27 30 34 37 36 38 40 0 0 0 0 0 0 0 0 0 0 0 0 0 0 1 0 0 0 0 0 0 16 0 0 0 8 0 0 0 0 0 68 4 16 0 0 0 0 32 0 0 8 18 13 128 16 128 0 0 4 81 16 8 68 1 64 176 19 9 36 0 36 196 3 128 101 68 52 209 19 136 32 195 93 95 55 137 38 95 0 0 88 0 1 0 0 0 0 0 0 0 0 0 0 0 0 
42 35 39 24 17 26 31 33 27 31 33 33 29 24 22 24 26 25 28 33 36 36 37 39 53 178 189 227 206 186 173 141 162 133 100 91 79 61 57 55 45 50 51 45 40 42 41 33 28 25 34 56 76 83 87 91 90 97 97 107 136 184 189 193 200 207 210 208 207 210 212 212 212 210 209 209 212 215 217 218 217 214 211 208 202 193 189 190 204 211 210 211 209 203 196 182 182 168 153 144 137 120 95 77 67 63 58 57 61 76 98 115 117 121 121 118 116 111 110 249 
36 31 40 26 22 25 29 27 22 26 29 29 25 22 22 24 25 24 26 31 35 36 38 39 42 186 206 213 193 195 200 145 139 142 120 91 84 81 65 48 48 50 53 49 40 41 43 37 31 25 32 55 76 84 87 91 92 99 98 107 136 185 191 196 201 208 211 209 209 212 213 211 214 214 211 209 211 214 216 216 216 213 209 205 197 190 191 196 209 215 212 210 203 190 177 156 151 136 120 109 102 27 73 60 56 63 67 0 0 0 0 0 0 0 0 0 0 0 0 0 
29 31 43 28 29 25 25 24 22 24 25 25 23 23 23 23 26 24 26 31 36 37 39 40 41 172 200 215 203 161 155 127 142 169 146 90 72 74 62 57 53 48 51 50 40 40 42 36 34 25 30 54 76 84 87 92 94 100 98 107 137 187 193 199 202 208 212 211 211 213 215 212 214 214 211 207 209 212 213 212 212 206 201 134 130 191 195 234 93 212 178 183 174 163 151 83 112 102 89 77 73 138 10 75 91 78 96 224 31 89 215 85 90 101 112 119 123 115 80 249 
34 37 45 22 24 18 20 25 25 24 23 22 24 26 24 21 26 24 26 31 36 38 40 41 74 197 202 186 192 168 189 193 150 176 149 90 75 69 50 52 56 45 46 49 40 38 39 32 37 26 29 53 76 84 87 156 4 100 106 105 134 183 153 65 206 209 213 213 209 215 214 110 166 163 48 247 171 47 224 108 246 200 232 185 38 186 136 131 8 127 9 59 48 109 230 181 52 153 103 203 164 242 255 18 172 23 127 48 25 49 215 83 28 84 95 221 92 42 113 56 
32 36 35 28 22 21 21 20 23 24 24 24 23 23 23 24 33 24 18 35 42 38 54 67 119 201 62 11 12 178 231 102 6 22 95 176 209 155 193 176 220 130 100 169 249 101 3 92 94 176 166 29 186 69 16 164 255 57 176 23 53 164 213 232 158 160 140 122 228 106 239 47 182 212 3 94 182 59 102 81 179 171 23 243 156 68 196 88 122 70 133 113 79 61 136 83 219 97 167 21 38 98 2 112 88 17 246 147 16 27 163 167 45 196 207 162 54 1 171 97 
32 35 34 29 24 23 24 23 25 25 27 26 29 25 11 148 41 33 32 23 33 80 134 152 95 145 217 209 187 184 159 162 138 123 129 148 85 48 55 58 53 54 50 46 47 44 39 39 34 30 31 42 78 86 90 95 96 98 97 96 107 173 176 185 198 205 208 208 208 211 211 209 206 202 201 196 190 195 199 195 185 175 172 177 178 178 169 154 142 124 108 98 88 85 84 79 67 85 98 114 117 111 113 109 101 88 80 81 78 77 77 76 91 108 130 137 142 146 135 249 
32 34 32 27 23 23 24 24 24 25 25 25 25 27 30 32 45 34 29 59 110 160 186 173 119 99 172 190 180 204 182 167 143 131 131 147 81 53 53 58 51 55 48 44 49 44 36 40 37 34 33 41 78 0 0 0 0 0 0 0 0 0 0 0 1 0 0 0 0 0 0 0 0 0 0 0 0 0 0 0 0 0 0 0 0 0 0 0 1 0 0 0 0 0 1 0 0 0 0 0 0 0 0 0 0 0 1 0 0 0 0 0 1 0 0 0 0 0 0 0 
32 32 29 25 20 19 19 20 20 21 21 22 24 27 31 34 32 54 98 153 171 160 166 172 140 101 126 179 180 165 162 155 164 163 134 114 87 68 45 39 54 54 44 43 54 49 37 38 38 36 33 37 75 88 97 100 107 107 108 103 105 155 170 175 183 189 193 192 194 200 203 195 194 194 199 200 191 185 179 170 170 161 159 158 152 140 120 100 82 62 44 33 27 32 43 47 52 47 40 44 39 36 43 35 35 40 40 48 65 77 97 124 138 152 167 173 168 164 149 247 
30 26 24 22 19 17 17 18 18 19 20 21 24 27 32 36 170 180 164 166 176 153 160 166 177 187 125 139 110 166 55 172 161 96 53 3 51 57 142 127 132 180 77 113 116 30 56 246 127 131 124 104 65 192 208 117 44 164 218 96 204 80 89 96 45 194 101 191 253 172 191 73 37 218 1 249 158 22 91 113 102 40 75 241 27 136 238 156 126 211 160 85 117 187 23 144 169 29 123 44 57 233 20 163 211 162 168 100 70 76 40 249 65 203 248 85 46 117 108 239 
23 21 21 21 21 19 19 21 21 22 23 25 26 29 33 36 181 209 190 162 157 154 158 165 171 152 103 84 142 185 174 174 150 126 138 110 89 61 67 63 46 44 47 49 43 38 40 45 38 39 35 34 71 89 98 0 0 0 0 0 0 0 0 0 0 0 0 2 8 0 0 0 1 0 0 0 0 0 0 0 0 0 0 0 1 0 0 0 0 0 0 0 0 0 0 0 0 0 16 0 0 0 0 0 0 0 0 0 0 0 0 1 0 64 0 0 128 0 0 0 
24 21 22 25 26 23 23 24 27 28 29 29 30 31 33 34 182 222 197 159 160 154 150 161 165 164 136 83 114 180 164 134 150 139 147 111 89 84 94 94 64 49 49 51 38 35 41 38 39 42 38 34 68 81 84 79 76 79 89 88 84 121 165 166 164 171 175 171 169 172 175 175 170 164 170 179 178 169 156 142 138 128 114 90 58 40 34 30 32 25 25 25 19 20 25 26 40 147 202 192 177 163 148 130 131 110 103 114 128 142 161 174 176 182 180 188 179 175 170 245 
28 25 26 61 30 26 26 25 30 32 32 32 31 31 31 32 30 134 211 154 26 150 128 155 161 170 174 126 77 106 170 207 186 180 157 125 119 106 80 98 94 61 52 54 43 44 47 30 37 41 37 30 59 67 65 55 50 52 63 61 58 95 146 148 153 161 165 161 159 161 164 163 159 156 167 180 181 168 149 130 100 98 92 74 48 35 38 40 31 24 22 23 20 29 42 48 70 153 186 180 176 161 153 157 137 110 107 129 147 162 173 172 181 184 179 186 177 175 174 247 
18 17 30 28 29 19 26 23 30 30 31 24 27 36 38 29 118 231 203 164 177 154 154 168 181 177 181 162 104 77 109 173 43 140 126 140 146 131 105 214 107 63 107 91 54 11 32 43 13 0 34 99 29 187 44 58 108 221 45 34 13 127 38 37 185 0 56 48 81 90 154 47 185 98 209 126 44 28 87 116 26 29 130 223 206 210 223 169 226 192 230 225 43 60 90 125 168 179 187 183 175 164 152 142 112 119 132 151 167 177 184 189 193 189 184 181 184 177 175 0 
25 20 28 24 27 22 31 27 34 31 42 37 34 29 20 43 147 229 228 209 203 187 203 219 206 208 178 169 164 99 75 140 177 175 183 187 165 128 94 73 74 104 106 70 77 54 45 44 44 49 34 35 51 50 44 43 39 45 39 37 32 43 77 87 93 102 124 122 134 133 135 143 146 146 146 151 161 169 160 142 124 105 85 70 58 46 38 36 37 40 37 49 92 135 152 152 163 160 157 159 161 155 137 119 127 137 155 172 183 189 196 202 201 195 188 182 182 172 171 246 
35 20 152 28 29 26 43 59 29 25 26 31 23 26 44 142 238 237 227 229 227 224 230 226 230 219 193 0 0 0 0 0 0 0 0 0 0 0 0 0 0 0 0 0 0 0 0 0 0 0 0 0 0 0 0 0 0 0 0 0 0 0 0 0 0 0 0 0 0 0 0 0 0 0 0 0 72 66 0 0 16 0 8 100 1 0 130 136 8 48 3 64 144 0 72 36 17 16 32 2 141 132 131 128 8 128 204 247 21 37 40 4 141 119 211 202 0 0 0 0 
33 20 29 39 43 31 37 38 27 25 25 32 30 42 66 199 238 209 212 225 214 207 219 234 229 207 203 179 145 160 153 87 75 132 172 170 166 168 147 112 112 110 94 119 94 92 61 64 49 39 43 46 45 57 67 53 48 43 38 38 39 47 58 56 60 60 59 38 44 37 41 59 71 119 155 162 172 188 189 179 160 148 135 118 97 79 72 75 128 143 145 131 116 108 114 126 127 118 114 123 133 144 157 167 179 189 201 208 206 200 200 202 203 197 189 184 183 174 171 247 
57 43 39 33 52 65 67 47 51 59 75 103 118 123 106 197 189 166 182 202 195 178 181 212 210 203 193 168 143 148 165 166 97 72 111 168 173 167 167 150 168 173 157 155 84 84 61 51 47 40 42 41 66 86 72 71 66 59 55 46 27 26 34 41 34 37 49 39 42 28 20 26 29 70 132 164 167 185 200 193 175 162 144 124 106 94 97 106 133 146 149 141 132 119 108 104 108 120 137 147 146 149 166 187 202 206 211 214 211 204 199 198 197 194 190 185 184 175 170 246 
45 44 43 0 0 0 0 0 0 0 0 0 0 0 0 0 0 0 0 0 0 0 0 0 0 0 0 0 0 0 0 0 0 0 0 0 0 0 0 0 0 0 0 0 0 0 0 0 0 0 0 0 0 0 0 0 0 0 0 0 0 0 0 0 0 0 0 0 0 0 0 0 0 4 0 0 0 0 0 4 0 0 0 0 0 4 0 0 0 0 8 4 0 0 0 0 0 4 2 0 0 0 0 0 0 0 0 0 0 0 0 0 0 0 0 0 0 0 0 0 
81 76 69 52 69 85 74 31 26 25 28 30 36 52 67 106 116 112 114 130 138 133 145 166 176 173 161 123 86 101 154 191 220 192 116 84 132 164 162 175 149 143 122 110 94 67 66 103 64 116 109 127 161 133 99 81 70 36 22 50 27 39 11 26 31 32 68 74 65 52 247 48 64 68 121 152 174 153 204 214 204 185 86 227 117 105 115 118 79 224 141 147 29 172 111 72 162 190 15 90 42 168 93 77 34 100 57 160 77 83 56 28 81 75 37 16 180 171 168 245 
51 36 33 26 29 24 31 26 29 26 35 40 43 43 48 51 51 66 83 102 101 103 130 146 158 148 128 96 77 97 149 189 213 213 194 128 81 118 157 138 131 149 143 142 104 101 98 126 88 135 132 156 136 98 116 77 61 38 37 29 30 38 32 34 28 52 129 163 152 126 111 92 87 108 128 149 175 191 203 214 205 188 164 145 129 118 117 122 135 142 144 164 168 162 163 174 185 194 201 204 207 208 204 196 198 202 210 217 215 208 199 195 189 186 183 178 177 170 169 247 
0 0 0 0 0 0 8 0 0 64 0 0 0 0 0 8 0 2 0 0 1 8 0 2 0 0 1 64 0 0 0 0 0 0 0 0 0 0 0 0 0 0 1 0 0 0 16 0 0 0 0 0 0 8 1 0 0 0 0 2 0 0 0 0 0 0 0 0 0 0 0 0 0 0 1 0 0 0 0 0 1 16 0 0 0 1 1 0 0 8 18 131 3 78 124 224 214 22 26 254 192 109 61 127 59 195 107 110 16 5 12 245 105 74 0 83 25 178 209 91 
25 27 29 32 36 39 42 43 42 107 46 45 46 125 156 179 172 182 190 135 134 132 135 130 134 143 147 237 235 10 70 138 153 230 13 248 248 159 201 131 60 70 74 32 75 76 102 155 168 190 206 168 142 204 192 113 94 167 79 27 28 84 69 99 12 15 212 18 197 201 199 181 44 37 15 115 233 246 100 241 4 224 161 24 207 222 149 244 115 248 186 182 65 248 10 126 125 205 47 149 102 69 172 82 126 92 135 233 189 189 171 179 185 213 41 69 77 91 21 245 
34 36 39 42 43 44 43 43 43 44 46 47 47 46 45 45 55 38 53 45 28 59 40 51 99 97 83 79 93 108 129 186 211 220 214 209 220 220 178 131 86 68 87 111 107 92 97 126 93 84 81 125 140 64 68 97 93 87 84 86 83 73 64 60 62 60 84 123 124 132 145 169 171 165 157 155 167 184 196 203 206 191 171 159 146 137 139 148 143 144 150 159 168 176 184 190 191 186 185 192 198 201 204 208 215 219 220 218 210 205 198 193 183 177 174 173 164 160 152 245 
42 43 44 45 44 43 41 40 43 43 45 45 46 46 45 45 48 38 32 54 36 49 43 45 61 114 98 102 104 119 152 181 200 204 191 177 181 193 197 196 161 98 61 55 79 106 100 99 85 94 246 83 75 119 78 87 101 118 4 66 141 118 178 184 67 161 188 114 191 160 201 119 18 37 236 168 97 15 20 181 45 123 129 70 208 16 227 87 249 18 209 62 52 107 173 17 32 137 142 231 130 153 50 132 169 249 133 31 50 131 41 248 130 30 21 143 32 242 147 1 
40 41 42 42 43 44 44 44 43 44 44 45 45 46 47 47 56 132 55 48 45 43 47 37 46 131 130 145 152 165 183 242 189 178 146 175 183 181 186 205 197 51 149 106 60 46 67 90 118 124 106 92 116 107 137 0 0 0 0 0 0 0 0 0 1 0 0 0 0 0 1 0 0 0 0 0 0 0 1 0 0 0 0 0 0 0 0 0 0 0 0 0 0 0 1 0 0 1 0 0 1 0 0 0 0 0 0 0 0 0 0 0 0 0 0 0 0 0 1 0 
42 42 42 42 43 44 46 47 45 45 46 46 47 47 46 47 47 123 99 67 67 78 70 82 70 112 154 173 180 189 188 207 194 196 159 190 196 197 194 194 207 198 187 185 148 94 72 59 77 99 100 103 115 99 124 118 102 104 102 97 93 90 84 76 72 72 71 99 169 174 185 177 183 173 171 170 131 174 194 201 203 196 179 163 155 152 150 148 151 154 156 155 154 164 187 94 210 213 216 216 214 216 223 228 227 226 221 212 204 196 186 178 170 170 157 154 153 144 135 246 
45 45 44 43 43 75 44 45 44 162 157 75 179 65 58 45 175 212 65 45 78 79 231 67 3 45 189 93 82 126 254 21 163 245 149 127 130 70 110 70 42 218 8 56 249 85 107 25 22 82 169 219 241 149 4 82 82 203 149 230 103 42 237 19 135 176 144 201 91 4 36 75 129 188 69 64 103 103 74 25 29 181 151 225 15 39 79 36 23 110 13 93 100 83 19 161 79 8 143 28 56 71 167 252 72 225 197 182 91 12 185 18 48 66 173 224 85 249 222 168 
43 43 44 44 44 45 45 44 42 45 49 51 49 45 39 35 33 49 61 85 109 79 48 58 65 63 58 65 63 65 152 223 172 89 176 187 186 148 131 162 219 222 222 185 192 197 218 215 213 149 113 213 64 48 58 124 129 159 146 177 158 147 165 211 41 75 134 132 130 3 118 110 60 39 159 22 145 41 110 145 58 42 44 48 57 73 169 93 83 61 45 56 51 41 103 146 141 156 154 156 153 149 158 151 152 152 153 153 152 151 149 147 146 143 138 133 129 133 150 166 
47 46 44 43 42 42 43 44 45 41 40 50 46 37 41 34 45 67 70 86 82 63 59 55 49 57 45 49 51 43 104 203 199 197 203 203 191 209 201 199 202 201 202 202 202 201 205 202 201 207 204 222 47 80 71 72 109 125 100 101 120 118 112 107 76 106 101 2 179 168 228 85 51 177 167 98 240 171 189 198 195 191 180 166 156 149 142 136 141 150 148 146 132 123 140 154 165 181 195 204 207 211 212 199 205 203 196 188 182 179 174 168 157 152 146 140 137 133 127 247 
46 45 44 43 42 42 43 44 37 52 47 55 59 29 29 61 91 136 185 227 228 171 100 0 0 0 0 0 0 0 0 0 0 0 0 0 0 0 0 0 0 0 0 0 64 0 0 0 0 0 0 0 0 0 0 0 0 0 0 0 0 0 8 0 0 0 0 0 0 0 0 0 0 0 0 0 0 0 0 0 0 0 0 0 0 0 0 0 0 0 0 0 0 0 0 0 0 0 0 0 0 0 0 0 0 0 0 0 0 0 0 0 0 0 0 0 0 0 0 0 
12 45 44 43 42 42 43 43 42 41 34 37 42 53 69 66 97 135 185 211 214 172 113 86 60 47 48 41 41 41 45 79 199 194 198 205 202 199 208 197 198 196 195 196 199 203 221 204 200 154 211 205 195 197 198 199 146 90 226 101 102 78 121 118 125 127 139 191 196 251 199 196 181 135 181 153 149 135 122 113 75 16 47 48 69 60 162 130 81 53 56 53 46 99 142 137 154 156 136 135 151 191 147 149 150 149 149 147 144 141 139 130 151 165 189 234 192 191 182 182 
44 44 43 43 42 42 43 43 48 50 52 46 41 71 104 89 76 89 110 104 110 92 65 71 58 50 67 52 39 43 36 189 59 164 193 202 202 76 201 210 201 199 196 70 136 79 204 203 202 198 182 205 200 199 216 195 192 225 227 98 101 106 118 117 125 123 150 203 203 203 197 193 182 165 154 161 178 190 197 198 202 202 197 183 172 165 153 141 138 157 161 163 158 147 135 85 122 133 147 142 154 175 177 177 177 178 49 235 171 169 165 161 158 153 148 142 139 133 117 246 
44 43 43 43 42 43 43 43 46 45 32 48 83 101 104 97 96 88 89 76 97 82 59 68 52 48 71 55 39 48 41 51 68 147 197 197 213 214 206 190 201 200 199 202 206 207 205 202 203 204 207 212 214 211 204 198 198 115 95 100 108 108 115 117 119 118 157 209 210 204 195 192 182 164 154 164 184 196 199 200 207 207 203 190 178 170 157 143 139 160 168 170 166 155 142 118 94 115 139 134 171 142 36 174 177 178 176 172 168 166 164 161 159 154 147 139 136 132 125 248 
43 43 43 43 43 43 43 43 47 63 70 66 56 63 80 72 82 73 67 56 82 58 48 66 48 43 54 46 42 51 46 49 43 74 176 200 206 186 207 200 200 200 201 204 208 208 206 204 204 207 210 209 202 196 197 202 206 141 94 99 107 106 108 112 108 120 166 205 207 202 190 188 180 164 155 168 186 196 199 200 208 211 206 192 180 173 159 144 146 166 173 177 172 159 145 122 91 99 147 167 158 150 147 175 170 174 176 46 143 168 164 160 159 217 177 8 134 135 247 248 
42 42 42 43 43 43 43 42 46 52 71 68 49 74 100 64 61 67 68 72 96 48 37 53 49 45 43 43 47 49 47 46 52 36 71 107 180 215 202 207 201 201 202 204 205 205 204 204 199 198 202 211 214 209 201 196 201 176 106 100 98 99 97 101 102 135 184 197 198 199 187 183 180 165 159 171 187 195 198 201 211 216 210 193 181 174 160 143 150 165 170 176 173 159 143 120 90 83 146 192 186 168 151 158 163 169 173 172 171 168 164 160 156 151 144 137 134 130 124 248 
41 42 42 43 43 42 43 42 53 69 78 78 61 49 52 43 41 48 53 79 119 64 46 49 53 53 44 49 52 45 46 48 45 42 55 54 58 189 205 199 204 204 204 202 201 200 200 201 204 206 210 212 208 201 200 203 201 208 124 104 92 93 89 91 104 155 202 195 193 199 190 182 180 167 162 175 189 194 198 202 218 221 215 199 185 176 161 144 144 154 159 168 168 153 135 111 90 68 128 179 188 188 167 156 162 167 170 169 167 165 163 160 153 149 144 138 135 131 124 247 
23 19 124 212 207 251 96 167 140 63 60 21 251 189 4 215 152 234 155 12 168 234 226 201 165 223 180 167 144 231 152 74 31 128 82 74 101 53 23 16 95 35 122 25 43 4 253 143 231 181 155 134 82 122 120 181 132 191 89 76 98 23 7 152 110 90 9 11 125 95 214 55 35 155 240 129 157 152 203 187 178 35 104 116 66 230 91 100 159 162 196 252 186 201 194 203 244 209 146 95 54 212 197 177 209 190 172 70 240 238 135 155 131 184 166 136 204 61 187 183 
42 39 39 40 10 42 43 44 40 87 192 201 154 127 90 49 33 8 15 42 33 44 57 37 43 47 52 46 168 52 55 61 64 240 190 167 174 130 243 107 127 159 211 206 209 201 195 206 211 206 204 207 210 209 208 209 214 199 206 123 102 85 89 89 137 174 184 178 187 186 179 181 178 172 168 171 179 187 189 187 194 209 211 198 179 164 147 131 124 120 121 123 112 90 72 66 52 65 120 179 187 189 187 178 167 160 162 166 162 158 156 153 151 146 142 138 135 129 122 247 
39 40 40 32 41 42 42 42 48 75 169 205 144 117 97 77 86 80 75 65 75 46 47 43 42 40 45 53 41 70 85 104 153 151 114 63 27 49 178 205 204 191 196 205 197 1 0 0 0 0 0 0 0 0 0 0 0 0 0 0 0 0 0 1 0 0 2 0 0 1 0 0 0 0 0 5 0 0 16 1 104 1 0 1 16 8 0 32 72 0 16 0 40 1 0 2 0 9 200 1 20 0 34 8 232 99 76 0 4 0 40 52 36 105 166 1 72 215 18 0 
37 40 41 41 41 42 43 42 43 61 148 215 154 121 98 80 72 99 89 129 154 56 37 46 46 42 39 49 47 107 129 138 130 136 195 104 62 84 172 194 195 193 205 203 193 211 221 196 209 205 201 200 201 203 205 206 202 214 197 208 132 97 89 129 166 165 168 171 173 178 179 177 176 167 158 159 167 175 177 176 178 176 175 173 163 138 108 87 65 48 44 54 54 47 56 77 117 150 185 183 188 180 185 181 179 168 165 167 163 161 163 161 151 148 146 142 139 130 123 248 
32 37 40 38 39 41 42 41 44 58 128 249 171 129 93 70 83 80 108 108 180 65 48 39 42 49 44 43 43 114 137 127 119 147 146 89 56 78 62 170 188 191 189 195 204 199 200 217 206 204 200 195 135 200 205 207 205 209 78 203 182 104 95 134 159 155 160 167 166 168 142 173 174 172 162 149 139 146 165 183 175 170 167 160 138 105 74 59 63 53 49 56 65 80 115 149 160 176 189 178 184 174 177 177 169 169 169 165 160 164 168 162 152 148 145 139 135 127 122 248 
27 34 38 37 37 39 40 38 48 59 104 202 177 120 75 57 108 135 63 125 174 80 54 48 228 40 59 51 60 79 22 30 84 134 111 80 36 48 120 159 149 35 46 150 195 197 71 15 15 143 218 195 202 203 13 185 192 193 199 143 37 241 204 135 165 179 22 195 61 45 63 112 120 216 52 23 63 135 207 231 97 52 145 127 100 74 63 63 54 64 62 59 87 135 157 150 167 171 175 175 182 175 173 173 156 161 165 190 153 161 164 0 0 0 0 0 0 0 0 0 
27 35 40 37 36 39 39 36 37 51 85 190 193 118 72 72 51 92 56 93 170 117 29 50 48 34 40 55 51 46 41 60 131 117 82 97 47 44 76 101 87 75 78 70 64 117 186 208 199 202 218 192 201 204 205 200 207 212 207 211 205 167 122 127 143 149 157 162 166 169 167 167 173 171 173 185 173 150 111 82 120 100 95 87 76 2 43 52 96 52 61 97 133 149 151 152 162 163 165 175 175 175 167 160 149 149 152 152 10 201 49 206 246 242 209 207 207 209 206 202 
29 38 43 39 37 40 40 36 44 49 65 167 192 124 103 135 90 74 43 57 112 146 43 44 42 45 49 40 47 50 38 33 49 89 87 100 97 46 61 112 102 84 75 77 65 52 86 146 195 200 201 200 200 204 204 202 203 215 203 202 214 205 169 124 135 145 151 157 166 169 166 166 162 164 168 169 168 162 155 150 120 97 68 53 54 57 55 51 52 64 97 139 161 159 157 162 160 163 163 175 165 169 158 152 147 140 142 149 152 156 160 157 150 147 143 137 131 123 118 248 
27 27 61 67 26 38 39 38 36 52 60 144 192 120 88 124 90 67 30 46 78 151 57 43 43 44 41 36 35 37 36 33 82 88 105 86 177 173 110 66 78 69 68 42 46 47 48 43 127 195 202 199 197 201 202 198 204 205 201 210 203 206 202 134 95 134 150 151 162 163 162 172 163 167 164 158 160 167 166 160 156 142 113 82 60 47 49 62 73 122 162 163 155 159 158 149 151 156 162 164 164 162 155 146 149 152 145 142 150 150 150 157 148 144 135 131 131 122 114 246 
44 25 53 84 35 30 34 40 38 42 47 108 187 144 93 74 57 43 27 54 76 161 30 39 34 37 39 96 163 241 49 237 89 151 179 146 118 45 40 147 186 117 205 199 174 211 239 248 168 238 253 188 149 168 154 190 99 103 74 109 110 73 154 174 152 103 102 66 156 153 64 77 97 190 180 106 182 239 210 244 247 223 138 140 162 254 198 210 86 184 79 18 127 154 153 151 149 148 147 147 147 146 144 143 135 129 163 198 205 209 209 209 209 209 209 210 215 212 212 212 
43 28 43 74 32 29 38 29 33 37 52 85 162 146 104 69 251 47 26 120 191 205 247 92 125 14 181 115 109 62 58 14 227 173 168 220 116 221 99 234 58 127 173 196 27 225 57 26 184 100 199 148 6 146 205 41 33 105 149 194 17 186 181 83 64 211 34 157 137 154 107 51 161 79 168 198 12 22 226 112 230 106 30 61 145 61 212 17 203 211 123 237 90 224 243 254 156 168 86 227 214 241 180 121 147 45 125 168 249 197 39 150 27 183 252 240 54 60 252 248 
55 41 36 52 43 29 37 23 42 47 65 83 127 128 108 100 68 87 92 58 62 96 86 74 61 60 60 59 59 185 53 17 47 67 87 84 70 33 79 127 132 129 116 61 72 55 58 67 70 41 40 119 183 187 178 199 197 198 189 197 200 193 201 203 188 108 94 124 144 153 151 154 157 155 155 157 157 154 156 159 158 159 158 162 171 169 162 163 156 176 181 162 145 143 141 133 117 121 126 126 120 112 103 98 94 92 112 141 149 150 147 138 144 142 137 130 126 116 112 249 
59 196 136 120 227 122 32 210 183 244 205 111 253 234 134 44 66 177 207 36 86 44 56 251 31 3 119 214 36 146 23 47 73 55 225 92 231 198 141 211 70 233 121 119 35 118 79 229 15 121 47 10 62 146 39 52 102 63 245 89 197 214 132 207 245 160 49 198 155 211 230 74 192 214 154 7 94 233 127 110 34 113 57 140 11 12 46 127 224 64 216 211 137 216 236 70 215 220 131 208 231 77 193 201 145 196 204 10 153 144 193 144 163 10 154 151 196 139 185 16 
88 75 55 35 65 31 27 28 51 73 62 82 107 143 114 89 86 75 78 143 105 97 103 91 62 56 50 48 47 44 41 39 38 37 31 75 78 95 83 109 103 96 102 103 71 77 69 67 81 81 75 73 74 161 199 184 189 195 195 195 201 201 196 194 191 187 105 86 132 144 150 151 142 148 221 153 174 152 164 167 193 181 158 113 20 103 252 34 82 130 189 71 187 113 178 69 175 110 139 116 150 124 156 27 250 146 114 237 241 240 112 72 19 255 5 7 159 107 234 130 
72 79 77 46 42 40 32 24 32 73 62 77 106 134 119 92 59 50 57 45 164 114 100 87 65 56 49 48 46 41 37 35 32 26 45 44 73 66 57 69 92 94 107 114 57 66 59 60 59 62 71 64 60 54 177 192 195 195 200 202 202 201 195 194 193 200 142 95 104 132 150 139 126 127 130 137 151 164 164 190 130 134 131 126 124 124 132 147 141 131 117 109 109 109 98 85 93 96 105 119 129 133 134 136 151 169 167 145 135 143 138 132 135 133 126 120 119 112 111 249 
78 79 92 79 36 38 27 30 31 69 54 65 102 113 114 94 69 72 75 69 81 115 102 89 62 54 47 47 46 41 36 34 38 39 41 41 58 84 69 94 49 84 102 84 44 42 34 40 49 45 53 56 47 31 117 196 197 191 201 238 202 200 229 201 191 225 178 119 87 121 139 78 83 79 71 89 125 162 13 117 117 123 246 90 147 125 123 130 32 77 113 224 77 58 93 44 148 218 171 172 26 108 150 14 144 151 147 144 143 132 127 136 129 127 120 115 115 110 109 248 
70 90 104 104 57 47 39 25 25 56 60 71 89 114 122 93 76 93 74 81 19 81 74 92 65 52 49 49 44 41 36 46 47 40 46 55 50 56 82 78 84 98 100 42 28 29 26 32 26 174 37 27 42 35 34 132 224 204 157 201 212 182 199 214 198 185 240 28 80 93 74 235 97 77 35 40 70 91 101 97 102 103 99 101 109 112 112 117 119 99 81 79 97 132 160 167 180 178 166 147 134 130 125 119 124 130 132 130 132 136 137 133 133 127 119 117 121 85 97 249 
67 82 87 62 111 54 19 32 33 46 68 54 81 111 132 111 110 116 83 77 58 74 67 85 69 49 49 47 44 36 44 50 63 56 54 51 40 43 62 70 100 95 49 32 35 41 52 46 42 29 19 49 40 18 38 60 199 195 202 188 200 201 189 190 190 198 201 178 119 78 85 65 69 66 62 58 52 49 52 58 81 100 111 118 129 136 132 127 110 121 144 165 179 193 199 198 181 156 137 132 124 107 99 102 112 118 123 120 128 136 138 135 134 133 126 120 121 116 112 249 
61 102 63 121 161 169 158 236 64 83 93 85 219 120 244 180 151 245 170 92 212 218 205 255 93 219 175 118 173 167 151 143 142 99 114 14 86 13 208 11 83 229 55 98 16 104 140 15 234 89 228 255 50 19 156 249 156 120 62 175 36 116 155 7 37 233 32 68 129 29 56 159 93 140 123 223 213 88 6 127 100 137 58 66 18 13 156 157 109 31 182 142 70 43 224 3 241 193 55 11 20 240 252 34 183 162 237 231 202 211 70 155 63 62 158 234 248 138 227 13 
62 44 84 83 69 114 55 22 28 28 78 63 75 84 126 108 103 176 27 171 90 77 91 50 55 58 235 132 122 77 128 108 104 114 138 109 86 190 73 42 159 101 251 124 51 61 41 44 63 62 43 252 34 253 250 76 75 116 98 139 135 151 151 149 140 132 146 130 190 188 182 172 191 147 91 54 51 52 62 52 46 67 102 91 77 85 75 72 154 145 113 106 115 116 120 127 130 133 142 139 145 140 132 126 112 182 217 211 208 197 197 206 205 240 236 243 194 5 54 71 
44 72 66 115 160 80 96 28 33 26 47 68 76 83 122 119 115 97 128 132 76 52 135 179 237 64 110 180 117 143 198 174 14 121 148 116 231 33 244 223 163 55 220 242 167 107 184 2 172 42 113 228 76 51 177 74 241 241 235 158 242 222 122 33 60 171 2 122 30 22 179 130 10 106 137 98 162 88 191 131 102 17 71 117 212 250 188 183 190 77 217 103 179 129 183 251 119 163 142 67 185 39 193 176 22 130 143 194 90 39 28 135 222 80 19 46 232 48 197 183 
28 58 44 78 117 63 69 33 22 28 39 11 68 70 105 115 109 100 78 63 78 92 96 97 86 54 51 50 41 49 53 56 63 74 45 46 46 41 40 59 32 38 43 57 126 198 11 25 84 39 65 132 46 232 112 253 255 252 195 189 243 146 226 209 137 117 182 221 64 226 7 68 209 168 82 71 6 31 201 117 27 186 92 233 86 105 67 157 80 91 29 243 220 92 52 98 64 204 80 255 210 159 145 91 171 210 138 139 145 17 224 85 84 225 146 26 241 40 72 16 
40 27 66 30 45 70 58 49 28 32 40 58 52 66 92 116 130 110 91 90 85 85 91 76 87 60 56 52 42 238 147 192 19 22 242 133 151 205 54 66 215 219 50 110 88 188 249 170 244 152 189 122 21 50 127 81 123 237 208 172 164 10 242 174 70 239 186 161 34 58 127 218 139 240 94 17 11 175 224 16 178 250 49 126 119 220 153 158 240 95 31 195 227 171 174 167 74 226 243 171 49 86 107 231 200 251 191 75 74 2 131 204 105 173 219 130 21 58 96 143 
29 34 53 46 29 73 52 55 27 21 39 54 75 98 90 93 90 100 103 104 85 91 96 102 88 63 59 51 41 78 51 74 78 93 41 55 45 49 57 42 32 29 42 44 39 83 109 137 195 195 201 199 195 181 34 31 26 31 35 79 191 197 189 185 129 125 124 109 100 64 49 38 56 62 62 58 56 60 60 56 52 68 90 103 95 74 75 96 97 85 75 60 40 31 34 38 49 77 112 134 142 145 148 151 144 142 142 142 142 141 141 142 135 123 115 117 111 93 96 250 
28 32 32 63 25 46 71 47 30 27 51 79 51 46 44 42 60 61 85 126 106 79 100 98 91 60 57 50 59 67 47 52 50 79 49 47 43 43 44 41 34 42 49 61 76 124 80 190 201 198 197 200 199 193 137 36 41 41 36 44 147 184 176 149 109 110 109 111 105 72 42 38 42 52 64 66 58 49 51 58 60 55 67 94 112 108 96 91 70 51 39 45 62 86 117 143 166 168 166 161 158 161 159 154 154 150 151 154 150 140 136 130 133 128 115 109 94 92 93 250 
30 26 28 47 30 28 55 34 2 39 45 75 84 68 90 36 39 48 52 2 113 76 94 102 93 1 25 46 54 197 52 117 81 84 50 44 39 167 75 38 39 143 63 167 96 28 163 198 193 196 198 201 206 214 172 82 26 48 29 29 94 144 98 101 108 77 108 112 109 80 49 42 38 45 55 62 61 57 58 58 56 118 56 92 104 118 119 242 97 46 154 160 160 163 174 152 190 185 179 174 142 161 154 137 156 90 220 157 157 188 142 14 23 101 98 71 115 144 171 135 
33 24 26 32 41 15 40 42 36 31 36 56 41 62 97 125 30 32 39 44 103 92 81 99 92 69 58 42 50 66 53 49 52 75 54 44 38 38 42 39 39 33 129 188 182 164 198 188 190 203 211 204 189 195 196 158 47 43 38 38 38 66 43 103 105 103 102 110 112 90 62 50 38 38 44 54 62 63 60 58 57 58 57 66 93 126 142 140 143 162 178 179 174 173 175 177 197 187 180 177 170 158 152 154 155 156 154 148 143 138 132 241 5 228 42 154 192 26 143 254 
29 27 24 24 45 16 30 41 35 23 37 61 42 26 41 132 71 28 36 42 68 85 86 92 92 72 60 47 50 57 48 48 51 72 61 49 43 42 47 44 40 36 108 205 195 199 189 203 197 197 200 203 191 187 188 166 104 34 38 41 33 41 63 104 100 95 95 105 111 98 73 57 46 39 37 45 56 62 61 59 59 61 59 61 82 113 134 138 156 168 176 171 163 163 171 178 184 178 172 168 163 157 153 153 149 154 149 140 134 132 125 116 113 106 96 88 81 81 77 253 
22 30 21 21 35 21 19 31 36 27 22 42 100 26 27 57 113 33 19 33 38 84 89 91 96 74 60 53 50 49 47 57 52 71 70 54 47 44 48 43 30 48 92 191 202 194 201 185 190 197 201 203 186 164 146 114 89 37 43 40 41 42 84 98 101 94 94 102 107 101 82 62 55 43 35 37 47 56 60 62 60 61 61 63 70 84 99 108 144 150 160 163 157 152 158 169 172 174 170 160 156 158 155 148 142 146 144 134 129 128 120 108 103 95 88 79 76 76 69 252 
23 30 21 24 23 25 15 21 30 31 16 9 79 63 36 36 86 36 72 45 140 224 81 106 133 41 137 16 59 250 250 184 253 52 85 196 188 110 50 116 30 124 193 113 17 180 150 60 61 98 237 175 133 221 224 152 118 41 100 39 7 138 132 147 39 116 2 246 181 45 183 160 99 16 35 74 207 17 167 53 181 197 218 89 232 132 47 39 231 130 130 66 68 202 20 42 123 179 156 249 216 123 83 9 138 120 185 123 185 38 49 181 210 70 176 5 243 35 131 108 
29 23 21 25 18 24 19 18 23 30 30 18 27 68 19 29 41 30 25 28 31 66 72 90 100 81 116 185 251 11 54 128 237 154 223 175 38 122 107 196 86 243 25 96 108 123 156 239 212 13 135 148 96 216 164 185 68 35 65 165 99 81 56 12 254 30 249 157 121 159 127 218 101 251 148 194 59 144 106 170 47 101 171 115 74 129 229 183 181 55 205 159 156 114 41 145 55 246 46 231 219 247 87 9 44 185 194 52 118 81 71 82 19 121 31 87 253 113 189 28 
31 12 18 22 15 19 22 19 28 22 15 24 20 35 30 21 37 23 25 18 22 62 85 79 96 83 63 58 56 50 48 42 54 65 80 56 43 37 45 40 32 53 45 211 227 202 193 138 97 82 70 0 0 0 0 0 0 0 0 0 0 0 0 0 0 0 0 0 0 0 0 0 0 0 0 0 0 0 0 0 0 0 0 0 121 121 121 104 104 104 31 12 18 22 15 19 22 19 28 22 14 24 20 35 30 21 37 23 25 18 22 62 85 79 96 83 63 58 56 50 
29 21 19 19 18 20 20 14 18 25 23 18 19 27 24 15 32 19 23 19 29 74 67 83 96 87 62 55 58 53 51 46 56 56 86 52 48 37 35 40 41 45 38 176 172 169 139 54 30 32 43 57 51 26 20 40 48 127 142 141 44 169 12 49 95 93 106 89 96 106 112 90 86 68 53 46 45 17 43 28 36 47 59 31 61 187 187 66 61 59 59 191 25 62 95 141 136 136 169 137 136 132 127 123 116 117 115 110 93 208 73 199 63 171 134 158 229 213 250 16 
28 21 18 18 17 21 25 21 13 14 17 21 22 22 24 27 24 23 23 7 18 73 74 82 94 88 65 58 59 53 51 45 57 55 80 48 47 37 34 38 38 35 3 132 165 112 76 20 19 27 27 48 44 58 80 104 127 145 151 189 152 32 35 8 54 167 5 107 92 80 105 108 126 69 62 53 49 50 43 29 25 35 47 53 54 55 56 58 62 60 59 62 61 59 78 110 142 141 138 131 122 116 114 114 110 109 104 95 83 72 65 63 68 64 59 55 48 41 47 252 
29 23 21 21 17 19 18 12 20 20 23 25 23 17 21 26 26 28 31 23 34 73 202 77 91 91 70 60 58 52 51 46 58 49 62 35 37 35 38 44 170 26 187 92 68 73 12 12 83 54 26 1 68 67 49 44 5 240 179 183 246 246 243 244 176 180 242 244 232 235 175 228 229 218 222 212 141 129 186 191 180 170 235 172 164 190 2 246 190 250 247 232 234 232 183 255 254 244 253 241 246 234 213 173 165 180 244 0 19 39 25 26 53 42 21 25 43 39 38 47 
0 0 0 0 0 0 0 0 0 0 0 0 0 0 0 0 0 0 0 1 0 0 0 0 0 0 0 0 0 0 0 0 0 0 0 0 0 1 0 0 0 0 0 0 0 0 0 0 0 0 0 0 0 0 0 1 0 0 0 0 0 0 0 0 0 0 0 1 0 0 4 0 0 16 0 0 4 0 0 16 8 8 4 2 4 16 8 12 6 10 6 16 8 12 6 2 6 1 0 0 0 0 0 1 0 0 0 0 0 1 0 0 0 0 0 0 0 0 0 0 
59 45 33 24 16 17 18 13 20 14 26 29 41 28 25 16 19 26 19 17 41 71 86 71 89 96 78 60 53 50 54 50 56 49 51 39 43 41 39 36 52 37 31 50 36 93 123 134 159 169 155 133 137 154 151 137 125 139 144 136 114 88 57 43 44 43 66 104 82 105 111 108 103 94 86 76 65 59 52 39 22 22 28 36 40 33 44 46 46 52 20 51 56 57 56 58 56 64 74 82 84 81 76 73 59 58 60 60 59 54 46 40 38 40 43 46 47 48 53 252 
193 173 151 126 97 68 40 17 74 102 228 140 100 114 110 230 105 187 172 175 142 226 32 247 193 136 214 153 53 135 164 213 188 125 205 195 180 181 5 154 152 35 104 51 152 207 142 209 168 231 214 43 63 220 158 57 58 131 210 99 176 196 228 215 127 217 246 224 16 67 121 126 92 44 199 156 59 245 208 199 232 26 10 45 188 209 44 219 254 208 239 156 140 218 123 223 203 174 86 3 160 21 103 15 11 4 116 193 242 139 146 206 73 216 254 140 42 228 62 38 
217 208 203 200 186 165 136 109 53 191 251 115 232 203 155 143 233 133 132 238 127 181 169 68 228 129 186 63 105 201 122 69 43 166 207 208 219 247 165 26 206 155 102 214 210 159 47 9 191 129 202 54 93 140 110 163 212 218 109 138 149 178 231 200 138 104 254 201 235 22 124 198 127 92 16 200 143 39 242 211 196 49 99 249 108 94 44 134 230 224 205 210 182 85 122 205 100 54 118 70 148 186 123 89 76 201 22 86 205 214 174 122 28 168 20 10 120 21 154 100 
219 210 210 215 213 204 185 162 140 125 93 28 31 43 59 34 38 40 38 64 81 58 80 74 79 95 81 64 57 55 55 44 59 58 49 48 44 44 52 57 47 51 47 43 151 127 122 131 150 166 157 133 132 143 137 121 116 124 141 118 96 92 89 104 46 48 33 28 34 83 106 107 107 100 96 91 83 78 69 55 38 26 21 29 38 39 38 38 39 40 37 37 42 35 35 39 37 35 34 37 162 35 37 34 32 99 39 42 44 45 46 46 44 48 50 51 53 56 58 252 
221 217 216 219 215 203 194 187 137 137 131 130 100 74 61 45 36 27 48 144 177 63 78 71 81 98 90 68 58 52 47 49 62 53 43 51 59 54 54 46 46 37 49 45 135 116 116 132 158 166 158 137 148 145 110 107 121 137 143 109 92 97 89 98 83 32 38 39 26 40 96 103 107 106 98 90 89 89 77 61 44 31 22 26 33 36 38 40 39 40 41 41 39 39 39 39 37 39 45 34 38 41 60 170 9 33 42 88 91 123 119 108 81 83 118 110 67 105 95 33 
222 218 215 216 213 206 203 204 185 165 147 139 133 119 97 78 44 38 23 54 86 46 83 67 73 90 84 62 52 49 48 54 51 53 247 75 36 106 44 40 39 97 40 38 117 110 112 130 156 163 178 76 7 4 109 87 16 64 28 186 192 67 141 181 163 88 124 100 40 139 202 223 235 201 144 214 173 36 82 48 118 151 90 101 162 205 143 59 129 40 99 48 9 222 225 135 102 62 146 15 15 154 233 138 3 37 61 182 15 160 111 43 50 160 1 165 106 45 62 189 
222 216 41 45 45 45 42 44 50 42 44 44 47 52 55 53 50 49 140 255 19 239 187 177 88 79 219 196 251 215 170 172 41 177 5 143 29 164 12 125 23 233 53 237 7 134 116 242 37 130 102 127 127 124 130 133 136 138 138 138 141 141 142 144 146 145 144 142 141 140 140 141 144 147 152 156 160 164 171 177 183 194 197 204 210 211 211 221 127 82 102 98 104 103 93 92 100 90 127 200 191 114 74 65 70 72 73 95 111 92 73 69 83 109 113 101 87 63 69 65 
195 206 216 218 216 213 210 209 192 186 182 178 157 129 129 152 151 140 129 123 104 70 67 72 66 79 81 69 59 53 47 43 57 48 40 66 39 49 51 41 37 42 36 35 76 107 119 144 159 163 161 153 137 108 100 126 140 144 114 105 107 99 108 116 107 104 73 33 40 24 25 43 89 65 99 95 96 101 98 89 74 46 25 27 33 32 33 40 41 42 43 43 42 42 42 43 34 48 110 45 39 49 66 45 51 55 54 47 46 52 53 81 50 56 57 82 71 124 142 249 
190 196 201 207 213 217 217 210 197 183 190 190 159 137 145 154 146 156 143 143 110 123 105 111 99 98 92 76 62 54 44 32 49 48 0 0 1 0 0 0 0 0 0 0 0 0 0 0 1 0 0 0 0 0 1 0 0 0 0 0 1 0 0 0 0 0 0 0 0 0 0 0 1 0 0 0 0 0 0 0 0 200 192 41 19 218 17 37 199 98 99 119 183 81 105 179 195 214 70 124 105 23 122 94 195 157 15 6 85 21 132 188 58 192 128 137 73 72 225 129 
206 202 195 191 200 213 215 209 200 192 195 174 133 133 156 157 155 148 155 130 142 132 133 120 131 127 123 111 94 80 62 40 55 48 41 60 40 43 45 32 41 42 45 38 55 105 110 153 162 175 165 151 24 93 115 146 152 112 108 111 104 79 123 33 110 106 102 127 41 84 21 34 45 107 98 55 6 123 231 123 96 66 33 22 27 32 38 57 36 45 47 47 46 44 46 47 47 39 39 53 46 49 95 137 221 62 62 57 190 60 112 126 62 59 97 46 88 73 156 248 
186 202 206 188 172 177 193 205 193 195 187 155 125 127 146 151 160 147 128 138 132 141 137 146 136 136 143 145 137 133 122 102 84 68 50 54 47 45 45 37 42 40 42 45 57 96 122 145 157 168 159 149 127 111 130 145 139 109 108 108 101 115 121 109 112 105 108 110 59 34 26 28 42 62 83 94 100 106 109 107 101 78 49 31 27 30 34 37 40 41 43 43 43 43 43 44 49 46 55 56 48 46 75 126 144 99 61 56 61 58 56 61 52 55 63 189 76 111 153 180 
