38 37 36 35 34 34 33 237 236 230 235 239 239 237 237 238 239 239 237 240 235 225 233 242 236 231 231 241 240 224 223 235 240 226 219 237 233 239 224 206 211 217 222 231 220 234 234 221 209 217 229 215 223 230 232 206 252 0 0 0 0 0 0 0 0 0 0 0 0 0 0 0 0 0 0 0 0 0 0 0 2 0 0 0 0 0 0 0 0 0 0 0 0 0 0 0 0 4 2 0 32 0 136 0 0 0 33 16 136 4 0 0 0 0 0 0 0 0 0 0 
33 35 34 33 32 32 32 32 31 31 33 35 38 39 39 38 34 91 227 235 234 230 229 234 225 244 229 235 233 227 238 209 117 107 87 90 156 239 230 242 236 231 235 237 234 234 238 240 239 238 235 233 235 240 240 239 236 234 234 235 235 234 237 241 241 235 231 234 239 241 239 235 234 238 240 241 240 238 238 240 241 237 238 239 237 238 240 239 238 238 239 233 226 229 235 235 227 214 225 230 237 213 204 216 224 227 231 215 230 231 213 196 239 213 200 216 231 228 199 252 
32 31 31 30 30 31 31 31 31 31 32 34 37 38 39 38 32 53 196 233 236 233 233 232 236 235 228 239 235 232 218 142 105 97 98 153 231 230 246 231 237 237 234 235 239 237 233 236 239 239 237 234 235 239 239 239 235 234 234 236 236 235 236 240 241 237 232 234 240 242 239 234 235 236 240 242 239 233 233 237 241 236 232 237 241 238 232 236 238 239 233 228 233 237 233 229 223 228 233 234 227 200 209 227 234 235 232 211 231 237 219 202 228 190 201 225 234 216 197 252 
29 29 29 29 29 30 30 31 31 31 31 33 36 38 38 38 42 34 137 232 235 239 236 231 239 196 234 235 241 228 161 104 97 94 153 236 229 233 225 241 235 240 236 234 240 237 229 233 235 237 238 236 235 237 238 236 238 237 237 238 238 236 235 237 240 238 235 235 237 240 238 234 234 233 236 240 237 230 230 236 240 239 230 231 239 235 227 233 235 236 228 228 238 236 223 221 225 240 234 228 222 210 223 226 228 232 230 211 233 234 213 199 210 201 222 235 222 194 203 252 
28 28 28 28 29 158 31 31 31 30 31 32 35 37 38 182 43 35 88 192 247 239 234 232 230 236 237 229 234 187 108 42 73 18 236 196 97 226 250 238 230 238 238 44 215 247 236 205 228 103 219 250 232 195 236 46 138 126 101 238 237 234 232 232 238 240 240 237 236 238 238 236 235 235 238 241 238 233 234 240 237 240 233 226 234 237 232 235 234 232 224 226 234 224 213 217 235 234 209 216 229 229 227 212 218 223 222 208 228 216 190 185 222 235 230 220 203 186 216 251 
28 28 28 28 29 30 31 32 31 30 30 32 34 36 37 37 35 45 54 207 232 233 232 236 236 232 235 240 199 134 100 85 134 231 238 242 234 236 230 225 233 239 240 239 240 238 235 236 238 239 236 230 227 232 238 242 236 234 234 236 236 232 230 229 237 241 240 237 235 238 239 237 233 235 237 236 234 234 237 239 229 234 230 224 230 235 234 231 224 221 218 220 223 219 218 224 237 221 201 220 230 222 208 207 228 222 213 202 222 204 188 205 226 235 207 199 208 209 222 251 
28 28 28 28 29 30 31 31 30 30 30 31 34 36 37 37 33 46 48 155 236 231 235 237 240 227 231 215 147 99 96 86 217 213 243 230 235 235 230 242 235 236 238 238 235 237 237 229 233 236 235 230 227 230 237 240 234 232 232 235 237 236 234 234 237 238 237 233 235 239 239 233 229 235 235 229 227 232 236 236 225 221 223 227 230 232 227 216 209 213 219 217 216 223 227 222 217 210 210 226 219 206 189 207 228 211 201 203 228 202 189 222 217 211 185 193 222 222 195 251 
27 27 27 20 28 29 30 30 30 30 29 31 33 36 37 37 34 41 43 102 237 231 238 232 193 227 231 153 109 83 70 139 231 240 233 106 135 235 240 232 231 226 224 234 233 225 242 225 192 231 228 203 230 170 207 225 226 233 225 34 134 227 112 195 248 47 129 183 229 143 199 41 147 183 64 217 88 11 19 49 85 37 134 7 149 63 100 49 20 56 132 98 120 226 227 207 192 195 207 216 209 208 186 203 202 188 190 209 235 197 170 202 222 200 184 195 218 205 152 251 
27 27 28 28 29 30 30 30 30 31 32 32 32 34 36 38 33 48 33 89 220 233 239 228 232 230 184 112 82 83 99 222 237 235 234 233 232 239 239 228 223 223 235 234 238 219 208 203 198 185 162 187 191 191 233 239 234 254 111 235 232 170 205 238 246 233 229 106 251 239 244 228 223 227 226 224 225 222 219 223 210 228 210 216 220 219 200 197 201 211 212 221 214 224 211 179 153 180 200 203 187 160 154 174 201 184 181 212 197 161 165 221 199 170 190 199 177 160 165 251 
27 27 27 28 29 29 30 30 30 31 32 32 32 33 36 38 35 40 35 77 209 232 237 232 236 203 125 93 91 74 194 236 236 235 236 237 235 239 242 242 232 219 211 200 187 164 157 157 161 156 141 151 152 162 212 238 239 238 237 235 232 230 232 236 228 244 229 219 197 233 214 226 216 229 253 205 210 228 199 200 224 216 201 202 205 196 154 177 181 195 211 179 149 208 170 144 188 189 204 184 30 61 152 164 140 21 71 108 187 160 139 23 247 92 215 188 204 81 198 250 
26 26 27 27 28 28 29 29 30 31 31 32 32 33 35 37 38 33 38 60 182 232 231 234 225 137 99 82 66 137 243 234 239 237 232 220 207 199 199 201 186 175 159 155 149 151 148 149 140 139 139 148 158 169 195 225 240 237 239 242 239 229 223 224 228 233 231 228 220 230 222 207 218 214 200 195 210 217 200 179 203 191 170 192 200 177 150 149 187 191 178 150 142 167 149 139 141 170 176 139 113 136 169 177 147 119 107 194 178 124 122 147 139 153 182 154 200 185 136 252 
25 26 26 27 27 28 28 28 30 31 31 31 31 32 34 36 38 34 39 46 140 234 228 226 167 96 106 75 108 230 237 230 232 226 73 168 150 150 154 37 156 156 142 142 142 160 148 137 149 141 144 145 153 191 173 209 225 240 120 174 220 226 224 244 88 173 223 192 112 220 56 173 82 82 44 186 47 173 158 211 233 184 56 140 215 123 126 155 171 156 140 128 148 174 122 107 154 168 127 224 136 165 139 114 101 138 144 181 134 103 126 146 129 135 170 166 170 140 114 253 
25 25 26 26 27 27 28 28 30 30 31 31 30 31 33 35 34 41 37 40 99 232 230 210 110 107 81 83 200 216 192 183 173 184 172 149 145 152 153 152 148 160 153 157 146 148 131 123 145 141 157 156 146 134 140 194 220 220 220 220 218 213 206 203 195 199 199 180 160 155 150 164 183 172 154 117 90 81 86 97 107 92 72 65 72 75 84 82 62 59 65 57 43 211 1 67 123 113 70 90 197 130 115 94 125 240 141 110 101 78 143 151 22 248 173 140 110 116 121 154 
25 25 26 26 27 28 28 28 30 30 31 30 30 31 32 34 31 43 36 40 71 214 229 177 97 93 56 148 214 160 151 170 135 158 161 153 159 161 150 142 143 145 150 161 146 133 130 143 140 133 148 157 148 127 120 150 217 220 211 195 190 196 199 193 177 158 183 170 120 122 152 125 123 99 62 41 41 41 36 34 33 39 38 33 36 32 44 38 42 34 32 33 30 35 14 21 21 20 30 44 44 43 53 62 93 105 82 91 123 89 82 210 79 122 87 81 86 112 102 252 
26 26 26 26 27 28 28 29 30 30 30 30 29 30 32 35 32 40 35 42 57 176 216 131 94 71 107 217 179 153 146 157 159 168 155 141 145 143 139 149 142 141 145 142 139 131 139 147 145 120 114 121 121 117 113 119 176 190 184 160 159 181 190 178 145 139 124 85 63 39 42 46 50 57 55 46 41 46 71 101 118 109 108 116 128 112 107 86 68 60 50 50 37 42 39 41 41 29 28 27 20 29 32 15 15 33 24 22 34 23 26 35 49 42 40 73 67 73 73 249 
26 26 26 27 28 28 29 29 29 30 30 30 29 30 32 33 35 36 35 42 53 145 201 95 21 93 188 225 164 139 128 166 164 169 158 151 152 137 130 147 150 150 145 123 134 144 151 135 129 113 110 115 110 111 110 98 107 155 187 179 170 164 128 81 52 32 32 28 40 52 78 79 61 88 96 90 114 160 184 189 198 205 208 192 189 182 191 171 160 150 132 132 114 110 95 67 59 59 48 46 43 32 24 33 25 27 16 16 15 24 14 7 2 24 17 9 27 37 30 252 
33 21 26 28 31 31 27 24 30 27 28 31 31 28 30 34 34 32 37 35 51 100 146 85 72 154 226 206 139 150 143 167 156 151 150 150 146 147 147 140 138 152 147 134 144 155 152 125 107 115 116 104 91 85 86 88 73 95 113 99 77 54 26 18 22 26 31 46 1 75 82 92 145 206 160 194 198 195 199 223 215 208 199 203 174 139 226 180 61 139 204 214 114 137 22 252 78 157 51 70 232 45 213 225 219 40 209 231 231 79 227 177 207 98 242 224 246 182 183 5 
24 24 28 28 24 28 27 28 31 29 29 32 32 29 29 33 34 33 41 36 34 67 118 90 105 217 230 219 167 155 161 169 158 151 146 140 136 144 151 148 126 124 140 146 148 123 115 112 104 102 96 88 81 75 66 58 54 41 29 17 19 22 18 27 24 34 42 50 59 71 100 134 178 190 203 209 211 213 215 216 216 214 210 206 202 196 191 187 182 178 173 169 168 167 164 161 166 159 154 153 147 134 124 122 104 82 56 40 30 21 16 15 19 11 10 14 12 16 15 253 
27 24 7 27 28 26 26 31 25 23 24 27 93 25 1 0 0 0 0 32 0 0 0 0 8 38 0 0 16 0 136 162 25 4 0 0 128 7 18 4 112 168 140 166 18 4 162 0 204 119 83 172 162 41 125 119 27 30 211 136 200 119 153 29 228 152 237 118 155 239 247 185 252 246 155 156 0 0 0 0 0 0 0 0 0 0 0 0 0 0 4 0 4 0 0 0 4 0 0 0 0 0 4 8 4 64 0 144 0 0 18 0 0 128 0 148 8 0 20 0 
30 24 27 26 32 21 34 34 30 28 26 25 26 29 31 31 39 29 32 37 40 48 71 93 203 235 235 211 139 150 155 153 156 159 160 150 137 132 122 106 115 124 126 102 96 93 97 86 79 75 67 53 39 28 21 18 13 20 28 23 26 33 31 32 50 69 89 124 143 177 202 215 213 218 221 213 219 219 220 221 218 223 212 208 204 199 194 191 187 183 179 177 175 172 169 168 174 168 163 161 158 151 146 145 143 140 133 124 114 98 75 56 39 23 16 19 15 14 11 254 
25 27 34 25 31 33 63 49 48 47 40 31 27 30 31 29 36 35 37 32 32 38 55 111 206 219 244 235 175 158 126 127 138 143 149 146 137 133 123 106 107 96 94 87 88 71 70 68 59 54 45 32 20 14 16 20 24 21 25 25 31 35 37 54 88 127 161 177 189 200 208 213 221 219 221 224 225 221 218 219 217 214 210 206 202 197 193 190 188 180 176 177 180 177 173 171 180 175 169 164 160 154 149 146 142 139 132 122 115 109 100 92 70 40 17 16 20 26 18 252 
31 28 26 37 47 76 94 47 51 52 45 33 27 31 33 31 30 34 36 30 36 38 38 112 209 231 224 221 206 152 125 147 126 123 123 122 119 120 119 111 103 85 81 78 83 66 62 61 48 36 24 18 19 21 23 26 30 20 27 36 39 37 52 93 142 178 203 204 204 207 212 217 219 220 221 221 225 227 223 215 216 213 208 204 200 195 191 188 182 173 169 174 180 178 174 172 177 173 167 163 160 157 152 149 145 144 140 135 127 117 107 101 89 69 47 32 18 18 16 254 
40 26 20 91 78 108 92 38 38 44 42 30 24 29 33 31 29 31 32 29 41 40 35 133 218 239 224 224 232 149 121 134 122 107 99 96 93 93 95 92 85 80 77 61 65 60 60 49 41 28 17 17 23 27 27 27 30 25 27 26 35 60 103 157 178 190 197 200 207 210 211 216 212 217 218 217 221 225 223 215 214 211 206 201 197 192 188 185 180 173 170 176 179 176 174 174 179 176 171 167 164 161 157 153 153 144 136 132 126 118 112 112 96 95 87 65 36 25 18 253 
39 25 31 152 100 105 68 39 32 42 41 29 22 26 29 26 30 35 36 27 29 29 44 177 234 226 229 225 232 161 139 141 133 114 103 97 96 90 80 85 71 73 77 65 65 54 52 43 33 25 19 20 22 21 22 24 21 26 28 26 59 118 162 194 198 197 197 204 210 207 206 216 219 218 219 222 222 219 217 218 212 209 204 198 194 189 184 182 186 180 179 183 183 177 175 178 178 175 171 167 165 163 158 153 149 140 138 144 144 133 123 121 104 104 101 90 72 61 36 252 
40 20 34 82 57 85 54 31 34 31 45 27 24 24 31 29 32 33 34 35 21 35 41 188 242 234 233 222 218 163 133 152 123 119 113 104 98 100 93 78 74 70 62 56 54 53 47 40 27 21 16 18 22 24 25 26 20 32 36 49 108 173 193 201 201 201 201 204 208 210 211 210 215 218 221 221 219 215 213 212 211 206 201 199 197 194 187 181 185 186 186 182 178 176 177 180 186 177 170 170 169 164 157 154 149 143 141 142 139 137 128 113 109 105 108 91 85 70 62 249 
39 26 25 50 33 69 61 33 33 31 44 27 24 24 30 28 29 28 32 34 27 39 39 190 236 239 234 240 247 221 167 124 105 107 117 25 85 89 91 85 84 104 80 58 54 51 85 161 18 25 16 17 87 168 77 129 96 252 199 161 199 205 224 92 83 161 112 180 61 60 108 46 12 141 39 52 38 41 107 44 46 54 23 185 122 62 69 74 68 68 68 71 75 77 77 76 72 77 82 83 86 92 96 96 100 108 112 114 114 114 125 142 142 144 146 160 162 177 70 223 
37 32 26 51 50 61 64 33 33 31 42 29 23 24 28 27 31 25 32 32 28 36 29 180 226 232 216 227 222 233 202 137 124 126 115 99 95 92 82 73 73 70 65 51 52 46 35 26 19 17 19 23 26 27 30 33 43 56 71 89 171 204 201 201 205 204 204 204 206 208 209 209 207 209 213 215 215 212 211 211 210 206 203 201 200 197 191 185 189 157 188 250 167 181 179 178 177 177 176 174 168 162 161 162 160 152 145 140 140 143 133 113 115 106 105 96 97 85 78 250 
40 32 29 71 86 54 57 35 32 31 41 31 22 56 25 27 96 25 42 32 30 43 26 169 217 155 208 232 218 220 213 176 132 191 107 112 107 160 80 195 96 61 184 55 17 43 31 21 20 20 23 27 30 32 38 43 53 69 86 95 175 193 193 203 202 202 201 202 204 207 210 211 206 208 211 213 214 212 212 211 210 208 237 204 203 199 195 189 191 190 188 186 184 245 178 176 172 191 177 240 169 165 162 162 161 217 176 138 140 28 140 116 113 106 103 87 101 91 71 226 
43 34 23 63 92 43 49 37 32 31 40 34 22 25 23 27 27 25 35 34 33 37 34 152 232 220 218 228 223 216 210 131 134 118 98 87 88 85 75 68 58 59 57 53 47 39 29 20 21 22 26 31 34 39 47 54 67 79 92 98 175 191 191 201 201 201 201 202 236 207 210 213 209 210 212 213 214 214 213 212 208 206 205 204 202 71 193 189 190 189 187 185 183 180 177 174 171 174 177 178 177 173 166 161 159 152 147 141 134 135 133 123 121 111 106 96 106 224 94 247 
40 43 25 46 85 48 48 42 32 32 39 37 160 141 109 76 74 85 94 98 101 101 100 100 105 108 108 113 105 192 165 98 103 106 108 110 114 120 125 128 118 124 127 128 129 110 117 172 181 170 166 168 171 180 183 176 186 192 192 187 186 188 192 198 200 196 195 199 200 199 201 206 205 204 205 204 231 178 93 139 159 150 162 152 146 116 48 35 137 212 176 193 218 210 216 203 222 222 67 39 48 56 51 47 48 45 52 53 43 85 153 146 143 162 158 158 161 156 158 159 
35 49 30 39 84 60 49 32 33 32 38 40 22 28 21 27 26 33 30 35 30 30 32 61 217 231 235 218 212 227 227 191 143 100 86 92 79 198 70 60 186 58 56 49 43 36 27 20 18 21 29 41 51 58 66 71 81 84 87 101 162 196 190 189 201 203 205 206 207 208 211 213 211 211 210 212 214 215 214 213 210 210 210 208 206 201 196 193 187 187 186 183 178 176 175 176 176 177 178 177 178 178 173 166 161 146 141 143 136 128 128 129 117 111 107 110 107 95 101 245 
35 47 26 33 81 63 45 35 33 33 38 41 23 28 21 27 26 35 28 47 36 37 39 38 203 215 213 220 196 223 218 212 0 0 0 0 0 0 1 0 0 0 0 0 1 0 0 0 0 0 1 0 0 0 0 0 0 0 0 0 0 0 0 0 0 0 0 0 0 0 0 0 0 0 1 0 0 0 0 0 1 0 0 0 0 0 1 0 0 0 0 0 1 0 0 0 0 0 1 0 0 0 0 0 0 0 0 0 0 0 0 0 0 0 0 0 1 0 0 0 
39 48 30 34 60 73 38 41 32 33 37 38 31 20 21 28 26 28 32 36 36 34 35 38 167 222 228 206 186 204 182 187 184 145 83 80 82 62 66 64 54 58 50 47 48 36 23 0 0 0 0 0 0 0 0 0 0 0 0 0 1 0 0 0 0 0 0 0 8 0 0 0 1 0 0 0 0 0 1 0 8 0 0 0 0 0 8 0 0 0 0 0 4 0 0 0 0 0 0 0 0 0 0 0 0 0 0 0 1 0 0 0 0 0 0 0 0 0 0 0 
44 45 10 23 40 69 59 73 36 35 37 38 33 23 22 26 27 28 32 36 37 35 36 39 128 212 221 212 211 212 173 176 171 142 93 86 82 63 62 46 55 57 50 45 49 40 29 26 20 25 38 55 68 75 81 87 88 91 89 0 0 32 4 16 0 0 4 0 39 0 0 56 0 0 80 19 136 57 0 0 0 0 1 1 0 200 4 9 1 16 8 72 38 146 4 48 8 66 230 215 78 146 90 201 246 219 77 34 138 237 247 159 194 255 244 237 247 151 149 255 
40 39 30 24 33 58 62 77 39 36 37 39 35 27 23 22 27 28 31 36 37 37 37 40 46 196 218 188 186 215 210 168 153 202 238 107 83 57 175 60 35 54 176 170 110 44 41 26 22 25 102 122 68 79 84 89 88 125 124 102 167 190 181 164 195 204 192 207 15 211 198 212 213 218 82 216 18 210 114 208 151 196 210 210 129 206 221 158 63 200 200 200 199 195 200 228 194 129 182 182 174 160 151 148 6 89 50 87 185 255 78 217 252 177 94 8 179 28 56 75 
39 36 37 29 25 40 44 51 35 34 36 37 34 27 87 23 27 27 30 34 37 36 38 40 77 196 249 206 192 181 156 145 198 181 225 167 127 72 24 51 46 19 48 41 43 45 34 88 17 25 37 58 195 36 150 123 100 77 119 81 94 212 158 49 56 57 138 57 55 3 24 34 79 31 46 45 43 33 3 39 37 40 43 44 174 117 60 65 58 49 51 48 50 52 50 58 64 74 82 86 92 107 126 138 149 165 177 170 152 140 117 115 122 124 120 114 111 105 107 249 
43 35 39 25 17 26 30 33 27 30 33 33 28 24 22 24 26 25 29 33 36 36 37 39 53 178 189 226 206 186 173 141 162 132 100 91 79 61 57 55 45 50 50 45 40 43 41 41 143 89 34 57 76 83 87 91 90 97 97 107 137 184 189 193 200 207 210 208 207 210 212 212 213 210 209 209 212 215 217 218 217 215 211 208 202 193 189 190 204 211 210 211 209 204 196 146 246 170 25 145 137 120 95 77 67 63 58 57 61 76 98 114 117 121 121 118 116 110 110 249 
36 31 40 26 22 25 29 27 22 27 29 29 25 22 22 24 25 152 10 22 35 36 38 55 42 186 206 213 193 195 200 145 139 142 120 91 84 81 65 48 48 50 53 49 40 41 43 37 31 25 32 55 76 84 87 91 92 99 98 105 136 185 191 196 201 208 211 209 209 212 213 211 214 214 211 209 211 214 216 216 216 213 209 205 197 190 191 196 209 215 212 210 203 190 177 158 151 137 120 111 102 27 73 60 56 63 67 64 58 63 79 94 102 109 115 118 119 113 112 249 
31 31 43 28 29 25 24 24 22 24 25 25 23 23 23 23 26 24 26 31 36 37 39 40 41 174 200 215 203 161 155 127 142 169 146 90 72 78 62 57 53 48 179 50 41 40 42 36 34 57 30 54 108 84 223 126 95 100 98 107 136 217 195 199 202 216 84 209 192 213 212 212 150 177 80 207 208 212 213 213 212 206 200 198 194 191 195 202 205 208 194 183 174 163 151 131 112 103 89 77 73 74 75 74 91 94 96 96 92 90 87 85 90 101 112 119 123 115 112 249 
34 37 45 22 24 18 20 25 25 24 23 22 24 26 24 21 26 24 26 31 36 38 40 41 78 197 202 186 192 168 189 193 150 176 149 90 75 69 50 52 56 45 34 49 40 38 39 32 41 26 29 61 108 85 95 92 98 70 70 105 130 151 173 193 206 209 115 113 116 74 79 119 106 97 122 11 1 16 101 111 13 7 122 116 115 114 5 4 19 117 56 49 143 125 187 170 35 47 59 53 53 59 34 77 140 159 146 156 159 159 150 158 157 158 142 157 157 154 131 153 
32 36 35 28 22 21 21 20 23 24 24 24 23 23 23 24 33 24 18 35 42 38 54 67 119 201 200 192 210 192 164 136 94 107 90 72 59 57 64 47 55 51 46 45 48 48 40 32 35 31 32 8 79 84 88 93 225 114 101 101 115 184 184 199 202 208 211 210 50 209 67 208 239 204 68 207 158 128 207 195 0 255 162 176 178 187 113 193 115 210 110 248 143 16 244 232 157 85 132 111 235 185 132 225 155 149 242 9 42 250 178 173 191 253 125 122 124 131 124 248 
32 35 32 28 24 23 24 23 25 25 26 26 25 25 27 28 12 33 32 23 33 80 135 152 95 145 217 209 186 184 159 162 138 123 128 148 85 48 55 58 52 54 50 46 47 44 39 39 34 30 31 42 79 86 90 95 96 98 97 96 107 173 176 185 199 205 208 208 208 211 211 209 206 202 201 196 191 195 199 195 185 175 173 177 178 178 169 154 142 124 108 98 92 85 84 79 67 85 66 96 117 111 113 109 67 208 81 81 78 205 77 13 5 22 137 139 1 154 214 168 
32 34 32 27 23 23 24 24 24 25 25 25 25 27 30 32 45 34 29 59 110 160 186 173 119 99 172 190 180 204 182 167 143 131 131 147 81 53 53 58 51 55 48 44 49 44 36 40 37 34 33 41 78 88 94 98 102 103 101 98 104 163 172 179 191 197 201 201 203 207 208 207 201 199 200 196 188 188 188 182 177 167 165 168 168 163 149 131 105 91 81 75 66 60 55 48 63 80 92 98 84 69 69 60 51 49 43 41 44 49 63 112 105 116 147 157 159 254 184 248 
32 32 29 25 20 19 19 20 20 21 21 22 24 27 31 34 32 54 98 153 171 160 166 172 140 101 91 179 180 165 162 155 165 179 134 165 153 82 255 0 245 114 86 10 140 162 194 5 143 173 230 29 106 210 123 41 101 100 91 152 91 222 210 143 200 67 124 174 2 52 89 229 23 201 152 127 21 103 71 236 104 45 154 42 99 248 233 123 104 180 245 203 179 52 89 89 244 225 23 235 117 253 172 238 238 151 156 213 180 182 175 151 239 83 74 47 231 55 142 27 
28 26 24 22 19 17 17 18 18 19 20 21 24 27 32 36 170 180 172 166 160 152 160 166 161 123 80 131 182 130 161 166 152 141 127 76 109 80 61 61 178 112 60 46 181 48 104 28 52 7 60 40 143 62 115 102 103 105 174 14 115 147 184 172 251 207 52 213 187 193 197 196 188 187 193 196 189 181 172 162 161 155 153 147 136 103 75 50 30 26 30 35 32 28 25 19 32 58 71 79 87 101 111 97 69 65 63 69 127 134 140 157 159 169 175 181 175 171 161 248 
23 21 21 21 21 19 19 21 21 22 23 25 26 29 33 36 181 209 190 162 157 154 158 165 171 152 103 84 142 185 174 174 150 126 138 110 89 61 67 63 46 44 47 49 43 38 40 45 38 39 35 34 71 89 98 98 96 99 107 105 102 140 173 174 174 181 184 182 180 185 188 188 181 177 180 185 181 174 165 155 158 149 139 121 91 63 41 23 33 24 21 19 14 16 22 23 29 118 171 170 165 171 165 140 107 92 84 101 128 143 152 163 168 176 179 186 179 175 168 247 
24 21 22 25 26 23 23 24 27 28 29 29 30 31 33 34 178 222 197 159 160 154 150 161 165 164 136 211 114 180 164 134 22 11 52 129 0 0 0 136 5 1 0 0 0 138 134 16 32 0 0 200 39 128 4 0 0 0 0 0 0 0 0 0 0 0 64 0 0 0 0 0 0 64 0 0 0 0 0 36 128 8 0 0 200 52 144 0 0 0 72 36 145 0 176 72 22 49 153 0 176 36 192 166 155 42 0 0 0 0 0 0 0 0 0 0 0 0 0 0 
28 25 26 29 30 26 24 25 31 32 32 32 31 31 31 32 150 226 211 154 147 146 144 155 161 170 175 126 77 106 170 207 187 180 157 125 119 106 81 98 94 61 52 54 43 44 47 30 37 41 37 30 59 67 65 55 50 52 63 61 58 95 146 148 153 161 165 161 159 161 164 163 159 156 166 180 181 168 149 130 101 98 92 74 48 35 38 40 31 24 22 23 21 29 42 48 70 153 186 180 176 161 153 157 136 110 107 129 147 162 173 172 181 184 179 186 177 175 174 247 
18 17 30 28 28 19 26 23 30 30 31 24 27 36 38 29 118 231 203 164 177 154 155 168 181 177 181 162 104 69 109 173 143 140 127 140 146 131 105 86 74 63 75 75 50 43 49 35 41 0 0 0 0 0 0 0 0 0 0 0 0 0 0 0 0 0 0 0 0 0 0 0 0 0 0 0 0 0 0 0 0 0 0 0 0 0 0 0 0 0 0 0 0 0 0 0 0 0 0 0 0 0 0 0 0 0 0 0 0 0 0 0 0 0 0 0 0 0 0 0 
25 20 28 24 27 22 31 27 34 31 34 37 34 29 20 43 147 229 228 209 203 187 203 219 206 208 178 169 164 99 75 140 177 175 183 187 165 128 94 73 74 104 106 70 77 54 45 44 44 49 34 35 51 50 44 43 39 45 39 37 32 43 77 87 93 102 124 122 134 133 135 143 146 146 146 151 161 169 160 142 124 105 85 70 58 46 38 36 37 40 37 185 92 135 152 152 163 160 157 159 161 155 137 119 127 137 155 172 183 189 196 202 201 195 188 182 182 174 171 246 
35 20 24 24 29 26 43 51 29 25 26 31 23 26 44 142 238 237 227 229 227 224 230 226 230 219 193 178 171 139 98 82 134 155 155 144 138 117 103 117 135 125 75 47 78 72 52 65 41 46 34 39 47 45 48 38 39 35 28 32 36 47 65 62 56 66 82 74 84 79 80 93 122 144 150 152 170 181 171 161 146 132 114 96 77 58 47 46 83 78 86 115 140 142 145 160 156 153 148 140 129 122 124 129 151 163 181 194 197 197 202 206 205 199 190 183 181 173 170 246 
33 20 29 38 43 31 37 38 27 25 25 32 30 42 66 199 238 209 212 225 214 207 219 234 229 207 203 179 145 160 153 87 75 132 172 170 166 168 147 112 112 110 94 119 94 93 61 64 49 39 43 47 45 57 67 53 48 42 38 38 39 47 58 57 60 60 59 38 44 37 41 59 71 119 155 162 172 188 189 179 160 149 135 118 97 79 72 74 128 143 145 131 116 109 114 126 127 118 114 122 133 144 157 167 179 188 201 208 206 200 200 203 203 197 191 184 183 174 171 247 
57 43 39 33 52 65 67 47 51 59 75 103 118 123 106 197 189 166 182 202 195 178 181 212 210 203 193 168 143 148 165 166 97 72 111 168 173 167 167 150 168 172 157 155 84 84 61 51 47 40 42 41 66 86 72 71 66 59 55 43 27 26 34 41 34 37 49 39 42 28 20 26 29 70 132 164 167 185 200 193 191 162 240 125 106 222 97 106 5 146 15 21 133 115 108 104 110 112 153 131 2 150 38 59 206 206 211 150 247 140 213 198 135 226 190 249 177 171 170 164 
45 44 43 43 99 162 182 148 116 103 86 82 87 104 105 174 175 148 143 164 180 166 153 169 194 198 182 150 123 119 155 204 199 112 65 134 184 155 137 172 154 144 118 106 84 69 51 52 41 69 62 67 124 124 74 77 75 52 39 27 21 24 20 19 27 31 58 58 57 39 29 27 33 43 69 157 169 180 203 207 195 176 150 126 107 101 111 124 129 127 136 161 173 154 136 138 135 133 140 162 187 202 204 203 208 208 212 214 212 207 195 227 208 200 190 185 183 173 184 124 
81 76 69 52 69 85 74 31 26 25 28 30 36 52 67 107 116 112 114 130 138 133 145 166 176 173 161 123 86 101 154 191 220 192 116 84 132 164 162 175 149 143 122 110 94 67 66 103 64 116 109 127 161 133 99 81 70 36 22 18 27 39 27 18 31 32 68 74 65 52 55 54 64 68 105 152 174 185 204 214 204 185 158 134 116 109 115 126 135 149 151 147 158 172 175 173 177 182 188 193 198 204 206 207 201 204 209 214 214 207 198 194 191 189 186 182 180 171 168 245 
51 36 33 26 29 24 31 26 29 26 34 40 43 43 48 51 51 66 83 102 101 103 130 146 158 148 128 96 76 97 149 189 213 213 194 128 81 118 157 138 130 149 143 142 104 101 99 126 80 135 132 156 136 98 116 77 61 38 36 29 30 38 32 34 29 52 129 163 152 126 111 92 85 110 128 149 175 190 203 214 205 188 165 145 129 118 117 123 135 143 152 164 168 162 162 174 185 226 201 204 206 0 0 0 0 0 0 0 0 0 0 0 64 34 0 0 0 0 0 1 
27 26 25 25 26 29 32 34 41 41 41 42 43 44 45 46 41 47 46 51 69 84 112 141 129 128 30 79 219 91 152 186 86 207 81 210 163 92 8 72 12 151 116 131 104 70 129 143 117 168 129 96 97 104 114 90 59 47 49 64 68 56 50 55 56 57 158 166 160 136 136 123 150 162 151 146 170 186 195 213 206 193 167 153 143 116 109 135 141 142 149 162 174 178 177 176 170 174 186 197 197 192 194 201 207 215 220 219 213 204 192 183 184 178 176 179 173 170 159 247 
25 27 29 32 36 39 42 43 42 43 44 45 46 46 46 45 44 50 35 39 55 59 69 110 138 98 74 73 89 87 121 196 214 217 219 224 218 178 119 80 103 123 125 132 113 97 120 119 109 86 93 76 114 134 85 92 78 68 68 77 78 67 59 61 65 62 125 145 136 125 130 137 161 166 154 150 170 185 195 209 205 191 169 155 145 92 91 143 170 126 144 164 234 50 248 177 184 181 182 189 193 195 201 209 213 219 221 219 213 207 198 191 182 176 172 173 167 164 155 246 
34 36 39 42 43 44 43 43 43 44 46 47 47 46 45 45 55 39 53 45 28 59 40 51 99 97 83 79 93 108 129 186 211 220 214 208 220 220 178 131 86 68 87 111 107 92 97 127 93 84 81 125 140 64 68 97 93 87 84 86 83 73 64 60 62 61 84 123 124 132 145 168 171 165 157 155 167 184 196 203 206 191 171 158 146 137 139 148 143 144 150 159 168 176 184 190 191 186 185 192 198 201 204 208 215 219 220 216 210 205 198 193 183 177 170 169 164 161 152 247 
42 43 44 45 44 43 41 40 43 43 45 45 46 46 45 45 48 38 32 54 36 49 43 45 61 115 98 102 105 119 152 181 72 204 191 177 181 192 197 196 160 98 61 54 79 106 101 99 85 126 178 97 78 85 78 99 98 96 92 87 82 75 65 56 52 57 58 107 137 152 168 186 173 163 159 164 163 180 198 201 207 193 175 159 146 144 147 147 149 149 152 156 164 174 189 201 200 196 194 198 202 204 208 211 224 225 223 218 211 205 199 194 181 176 168 167 162 156 148 247 
40 41 43 42 43 44 44 44 43 44 44 45 45 46 47 47 56 132 55 112 47 35 47 37 46 131 144 153 153 165 179 178 189 187 178 175 179 181 187 197 197 178 149 106 60 46 67 90 118 124 107 92 117 107 137 144 108 101 98 90 85 80 71 62 55 61 57 97 155 164 178 179 177 165 164 166 162 176 197 201 206 195 178 162 149 149 150 147 155 155 155 155 157 167 187 204 211 209 206 203 203 207 217 225 225 225 222 215 208 200 190 184 173 171 162 160 157 149 140 246 
42 42 42 42 43 44 46 47 45 45 46 46 47 47 47 47 47 123 99 67 67 78 70 82 70 112 154 173 180 189 188 207 194 196 191 190 196 197 194 194 207 198 187 185 148 94 72 59 77 99 100 103 115 99 124 118 102 104 102 97 93 90 84 76 72 72 71 99 169 174 185 177 183 173 171 170 163 174 194 201 203 196 179 163 155 152 150 148 151 154 158 155 154 164 187 206 210 213 216 216 214 216 223 228 227 226 221 213 204 196 186 178 168 168 157 154 153 144 135 246 
45 45 44 43 43 43 44 44 44 46 48 49 49 46 43 41 46 61 143 179 172 129 51 71 55 110 129 75 83 161 205 194 200 208 205 198 202 206 207 208 196 203 203 209 213 203 158 95 60 53 61 70 98 114 107 99 105 107 107 105 104 102 98 93 93 85 89 117 181 186 192 190 188 178 172 170 167 174 190 199 199 196 178 163 159 150 142 147 143 149 154 153 149 156 178 200 195 204 151 253 220 221 198 113 115 68 89 113 209 91 50 24 40 10 203 24 30 4 31 110 
43 43 44 44 44 45 45 44 42 44 49 51 49 45 39 34 33 49 61 85 109 79 49 58 65 63 58 65 62 65 152 196 198 203 202 201 206 205 200 199 202 200 208 205 200 205 202 197 172 127 91 71 58 56 61 88 238 111 81 67 34 112 125 107 227 64 0 0 64 18 0 8 42 0 2 9 32 0 92 5 21 173 143 224 4 34 121 37 15 18 16 83 227 81 59 189 176 247 74 228 197 186 163 252 72 224 197 182 165 252 69 235 206 160 183 238 81 253 202 137 
47 46 44 43 42 42 43 44 45 41 40 50 46 37 41 34 45 67 70 86 82 63 59 55 49 57 45 49 51 43 104 203 199 197 201 203 191 209 201 199 200 201 202 202 202 201 201 202 201 207 196 158 111 80 71 72 109 117 118 117 120 118 112 107 104 106 101 162 187 200 194 199 186 177 167 162 166 176 189 70 195 191 188 248 78 240 228 81 174 206 55 135 249 210 157 125 161 9 23 196 52 33 214 111 18 196 49 19 71 147 68 105 132 92 135 36 219 159 166 57 
44 45 44 43 42 42 43 44 37 52 47 55 59 29 29 61 91 136 185 227 228 171 100 53 55 49 39 40 46 42 75 142 192 207 199 187 211 208 197 132 194 206 204 222 200 64 91 21 15 247 215 193 179 70 88 253 240 148 236 161 67 171 253 177 193 129 228 241 11 197 207 136 169 173 222 218 207 106 1 50 37 7 118 17 91 20 218 53 10 10 74 100 78 30 207 179 255 205 231 215 209 163 242 207 235 245 159 224 247 71 226 165 129 124 113 108 209 239 188 78 
44 45 44 43 42 42 43 43 42 41 34 37 43 53 0 0 0 0 0 0 0 0 0 0 0 0 0 0 0 0 0 0 0 0 0 0 0 0 0 0 0 0 0 0 0 0 0 0 0 0 0 0 0 0 0 0 0 0 0 0 0 0 0 0 121 121 121 67 67 67 46 45 44 43 42 42 43 43 42 41 34 37 43 53 69 66 97 135 185 211 214 172 113 86 60 47 48 41 41 41 45 79 199 194 198 205 202 199 208 197 198 196 195 196 199 203 205 205 206 210 
44 44 43 43 42 42 43 43 48 50 52 47 41 71 104 89 76 89 110 104 110 92 65 71 58 50 67 52 166 141 189 168 205 199 179 186 187 131 149 149 201 211 204 216 196 209 204 155 105 68 33 118 177 147 96 117 97 125 68 72 74 90 90 77 9 248 6 230 216 40 26 66 118 50 73 209 249 87 55 146 131 40 85 244 247 223 109 240 94 246 7 217 219 10 236 84 170 86 97 234 182 91 183 8 33 170 161 1 241 19 164 163 155 83 171 91 152 149 135 46 
44 43 43 43 42 43 43 43 46 45 32 48 83 101 104 97 96 88 89 76 97 18 59 68 52 48 71 55 39 48 41 179 68 147 197 229 213 150 206 254 249 72 199 218 206 207 205 202 203 220 223 212 222 211 204 194 214 83 95 100 108 108 115 117 103 118 153 209 208 204 203 192 190 164 26 164 185 212 199 200 207 207 91 190 178 170 157 139 129 160 168 174 130 218 130 114 30 114 147 160 130 222 164 238 225 50 168 172 250 242 160 162 131 154 147 223 186 56 127 188 
43 43 43 43 43 43 43 43 46 63 70 66 56 63 81 72 82 73 81 56 82 58 48 66 48 43 54 46 42 51 60 49 43 74 176 200 206 178 207 200 200 200 217 204 208 208 194 204 204 199 242 208 194 196 213 202 206 141 94 99 107 106 108 112 108 120 166 205 239 202 190 188 180 164 154 168 186 196 199 200 209 211 206 192 180 173 158 144 146 166 173 177 172 159 145 122 91 99 147 167 158 150 147 167 171 174 176 174 171 168 165 160 159 153 145 137 134 131 125 248 
43 46 42 43 43 43 42 42 46 52 71 69 48 74 100 64 61 66 68 72 96 48 37 53 48 13 43 43 47 49 47 46 52 36 71 107 180 215 202 207 201 201 202 204 205 205 204 204 198 198 202 211 214 209 200 196 201 176 106 100 99 99 97 101 102 135 184 197 198 199 187 183 181 165 159 171 187 195 198 201 211 216 210 193 181 174 160 143 150 165 171 176 173 159 143 120 90 83 146 192 186 169 151 158 163 169 173 173 171 168 164 160 156 151 144 137 134 130 124 248 
41 42 42 43 43 43 43 42 53 69 78 78 61 49 52 43 41 48 53 79 119 64 46 49 53 53 44 49 52 45 46 48 45 42 55 55 58 189 205 199 204 204 204 202 201 200 200 201 204 206 210 212 208 201 200 203 201 208 124 104 92 93 89 91 104 154 202 195 193 199 190 183 180 167 162 175 189 194 198 202 218 221 95 150 185 160 229 144 16 155 158 200 168 153 129 111 90 68 128 179 224 62 167 141 98 133 186 48 175 117 163 136 156 149 147 10 199 193 124 215 
40 39 39 41 43 44 45 47 51 101 194 174 139 124 86 38 35 26 53 60 101 59 45 93 57 39 47 13 53 52 44 51 35 41 51 41 49 92 194 208 211 193 140 209 196 197 234 202 209 205 196 208 211 146 238 210 217 213 174 98 124 21 97 85 104 246 210 130 91 224 189 121 182 180 136 61 55 29 177 191 198 234 75 54 72 26 41 197 27 98 105 225 29 226 7 189 182 64 210 152 67 190 184 176 156 159 166 169 165 165 164 157 153 146 140 136 133 128 123 248 
40 39 39 40 42 42 42 44 40 87 192 201 154 127 90 49 33 40 14 43 33 44 59 37 42 47 36 46 40 53 54 63 64 48 44 41 55 51 191 197 200 213 210 206 209 201 195 206 210 206 204 207 210 209 208 209 214 199 206 123 103 85 89 89 137 174 185 178 187 186 177 181 179 172 168 171 179 187 189 187 194 209 211 198 178 164 147 131 124 120 121 123 112 90 72 66 53 65 120 179 187 189 187 178 167 160 162 166 162 158 156 153 151 146 143 138 135 129 122 247 
39 40 40 40 40 42 10 42 48 75 169 205 16 117 99 77 94 80 75 65 75 46 46 15 42 40 45 53 41 66 85 104 153 151 114 63 27 49 178 204 204 191 196 205 197 194 208 219 211 206 203 204 206 207 207 208 242 206 210 171 105 95 82 108 158 173 176 174 180 167 179 150 172 233 166 183 167 175 186 197 229 197 75 178 167 152 131 106 100 38 70 36 160 46 32 85 98 63 125 166 180 159 219 169 93 176 169 137 113 64 119 140 159 255 163 141 138 130 122 246 
37 40 41 41 41 42 43 42 43 61 148 215 154 121 98 80 72 99 89 129 154 56 37 46 46 42 39 113 47 107 129 138 130 8 199 97 62 208 128 223 195 234 180 88 87 88 128 208 207 205 173 178 186 131 156 96 103 109 115 101 118 120 125 127 126 101 103 158 158 187 139 157 157 81 37 123 113 108 102 82 244 27 116 154 155 103 124 130 67 76 79 129 151 135 44 240 180 190 5 246 12 151 59 160 62 105 27 28 108 247 115 36 245 77 68 127 119 51 225 69 
32 37 40 39 39 41 42 41 44 62 144 217 171 129 93 70 83 80 108 108 180 97 48 39 42 49 76 107 43 118 137 95 246 210 139 21 30 106 120 142 46 183 60 131 84 145 195 153 190 220 72 130 155 249 199 71 157 181 81 135 183 104 89 9 178 28 44 173 68 6 189 29 32 136 141 241 95 241 35 16 239 187 22 205 227 224 236 12 188 198 238 69 172 244 79 239 196 184 171 254 68 235 205 191 76 30 167 43 106 19 6 89 254 73 110 1 158 129 56 148 
27 34 38 37 37 39 40 38 48 59 106 202 177 120 75 57 77 135 63 125 174 80 54 48 44 40 43 51 46 79 86 94 196 134 111 80 36 48 105 159 133 99 98 148 195 205 199 199 203 203 202 199 200 203 205 205 209 205 215 205 205 149 95 131 151 151 158 165 164 165 169 168 167 175 175 157 133 122 131 144 158 154 145 127 100 74 63 62 54 64 62 59 87 135 157 150 167 171 175 175 182 175 173 173 156 161 164 158 0 0 0 0 0 8 0 0 0 0 16 9 
27 35 40 37 36 39 39 36 37 51 85 190 193 118 72 200 51 94 56 93 170 116 31 50 48 34 40 55 51 46 41 60 131 117 82 97 47 44 76 101 87 75 78 70 64 117 158 208 199 202 202 72 235 204 205 204 207 212 207 210 205 195 122 127 173 149 157 162 166 236 133 174 0 0 0 64 36 0 0 0 0 8 98 1 0 0 0 0 0 0 0 0 0 0 1 0 0 0 0 0 0 0 0 0 0 0 0 0 0 0 0 0 1 0 0 0 0 0 1 0 
21 38 43 47 7 42 40 36 44 49 64 167 132 124 103 15 30 75 43 57 112 18 47 101 40 61 49 96 24 34 38 49 49 89 51 230 97 28 61 240 48 198 67 125 73 248 48 10 143 56 140 199 190 223 224 202 203 215 203 202 214 205 169 124 134 145 151 149 166 137 167 38 162 164 248 233 201 241 87 158 104 97 199 53 119 57 55 51 52 64 97 139 161 159 157 162 160 163 163 175 165 169 158 152 147 140 142 149 152 156 160 157 150 147 143 137 131 123 118 248 
27 27 61 67 26 38 39 38 36 52 60 144 192 120 88 124 90 67 30 46 78 151 57 43 43 44 41 36 35 37 36 33 82 88 105 86 177 173 110 66 78 69 68 43 46 47 48 43 127 195 202 199 197 201 202 198 204 205 201 210 203 206 202 134 95 134 150 151 162 163 162 172 163 167 164 158 160 167 166 160 156 142 113 82 60 47 49 62 73 122 162 163 155 159 158 149 151 157 162 164 164 162 155 146 149 152 145 142 150 151 150 157 148 144 135 131 163 122 114 246 
44 25 53 84 35 30 34 40 38 42 47 108 187 144 93 74 57 43 27 54 76 161 62 39 34 37 39 40 43 48 49 47 82 84 114 86 163 121 73 28 34 19 39 54 34 43 45 40 45 99 205 201 188 188 252 195 195 195 192 207 78 240 198 172 104 95 140 154 157 163 159 161 171 168 169 163 190 158 31 186 151 150 144 142 135 142 138 132 175 149 75 235 136 140 146 160 163 162 160 159 161 158 146 133 139 143 142 145 158 168 162 153 148 144 137 133 131 122 115 248 
43 28 43 74 32 29 38 29 33 37 52 85 162 146 104 69 68 51 73 70 67 138 89 44 44 47 50 84 55 58 57 49 56 73 94 77 74 59 51 74 54 49 61 49 45 131 34 41 105 62 105 130 2 207 182 196 195 194 188 203 205 201 212 200 146 80 110 147 147 159 158 158 159 162 163 160 156 152 153 155 167 160 150 150 159 161 157 160 156 162 165 164 166 169 166 158 173 171 167 163 158 149 134 121 116 126 141 146 143 145 150 150 146 144 138 132 129 120 115 248 
52 41 4 52 43 29 39 23 42 175 73 82 111 8 44 100 68 87 92 58 62 96 86 74 61 60 60 59 59 57 53 49 47 67 87 84 70 41 79 127 128 128 117 61 72 55 58 66 70 41 40 119 183 186 178 199 197 198 189 197 200 193 201 203 188 109 94 124 144 153 151 155 157 155 155 157 157 155 156 159 158 159 158 163 171 169 162 163 156 176 181 162 145 143 141 133 117 121 126 126 120 112 103 98 94 92 112 140 149 150 147 138 144 143 137 130 126 116 112 248 
87 61 39 43 69 25 27 30 59 64 64 83 109 130 107 100 125 97 100 99 106 101 124 81 63 59 55 54 53 50 47 44 35 41 56 82 85 69 90 123 123 128 121 74 87 91 70 73 81 62 68 68 123 189 182 190 190 196 191 193 199 204 196 196 194 152 89 100 179 22 145 149 147 148 150 151 150 149 154 161 161 167 169 171 173 170 171 180 182 160 136 128 134 135 124 111 127 125 121 115 104 92 81 75 56 74 111 138 144 148 148 136 143 142 136 128 123 114 111 248 
88 75 55 35 65 31 27 28 51 73 62 82 107 143 114 88 86 75 78 143 105 97 103 91 62 56 50 49 47 44 41 39 38 36 31 75 78 95 83 109 103 96 102 103 71 76 69 74 81 81 75 104 74 161 199 184 189 195 195 195 201 201 196 194 191 187 105 86 132 145 150 151 142 148 153 152 150 152 160 167 165 165 152 139 134 136 152 174 144 136 124 119 123 126 124 117 103 94 86 84 83 77 67 61 80 123 156 144 123 128 140 138 141 140 133 125 122 112 111 248 
72 79 77 46 42 40 32 24 32 73 62 77 106 134 119 92 59 50 57 45 164 114 100 87 65 56 49 48 46 41 37 35 32 26 45 44 73 66 57 69 92 94 107 114 57 66 59 60 59 62 71 64 60 54 177 192 195 195 200 202 202 201 195 194 193 200 142 95 104 132 150 139 126 127 130 137 151 164 164 158 130 134 131 126 124 124 132 147 141 131 117 109 109 109 98 85 93 96 105 119 129 133 134 136 151 169 167 145 135 139 138 132 135 133 126 120 119 112 111 249 
78 79 92 79 36 38 27 30 31 69 41 83 122 220 46 152 90 12 39 38 232 97 5 97 132 12 161 125 241 230 223 6 52 17 80 54 189 72 197 138 32 199 241 211 6 114 42 219 169 189 217 58 33 212 155 229 149 231 2 18 188 32 224 145 113 167 144 85 53 237 137 67 134 30 67 109 17 76 18 127 184 41 232 79 127 52 139 253 198 108 64 140 2 202 88 93 229 135 207 244 151 129 122 102 71 71 110 122 63 197 226 56 78 135 233 123 45 26 175 212 
70 75 56 104 57 47 39 25 25 56 60 71 89 114 122 93 76 93 74 81 55 80 74 92 65 52 53 49 44 41 36 46 43 40 46 55 50 56 82 78 84 98 100 42 28 29 26 32 26 46 41 31 42 35 34 140 196 204 201 201 199 191 195 196 202 185 195 148 92 95 118 75 67 68 63 58 70 91 101 97 102 103 99 101 109 112 112 117 119 99 81 79 97 132 160 167 180 178 166 147 134 130 125 118 124 130 132 130 132 136 137 133 133 127 119 117 121 117 113 249 
67 82 87 62 110 54 19 32 33 46 69 54 81 111 132 111 110 116 83 77 58 74 66 85 69 49 49 47 44 37 44 50 63 48 22 51 40 43 62 70 100 95 49 32 35 41 52 238 42 29 19 49 40 22 102 60 199 195 202 252 249 200 189 174 173 66 237 163 119 78 85 1 69 201 62 186 61 241 115 49 81 124 102 244 50 137 164 76 70 181 34 57 237 193 199 198 181 156 137 132 124 107 99 102 112 118 123 124 128 136 138 135 134 133 126 120 121 116 113 249 
61 102 63 81 81 83 50 26 20 31 89 63 83 97 124 108 130 235 174 81 80 71 67 167 81 52 49 50 45 33 55 55 75 64 52 43 37 38 40 57 94 82 33 30 21 30 53 73 76 43 94 47 24 22 26 38 116 204 197 201 199 200 198 189 185 186 150 182 119 81 82 78 69 60 43 62 53 44 59 85 148 160 162 160 160 178 184 189 189 186 190 198 85 90 208 198 155 228 245 117 32 1 136 6 146 68 0 0 72 119 19 0 38 178 202 118 146 68 176 4 
62 44 84 83 69 114 55 22 28 28 78 63 75 84 122 117 103 187 219 187 135 80 104 201 90 55 50 52 45 30 57 52 78 65 46 41 45 45 29 46 68 45 39 40 40 47 32 48 60 104 90 26 33 39 18 30 27 176 204 200 202 195 205 194 200 171 112 105 98 91 80 75 71 60 57 61 53 45 30 91 141 155 166 241 155 189 189 193 196 184 174 176 180 182 171 153 116 115 108 94 81 82 98 113 116 121 124 126 131 136 138 137 132 135 130 122 120 117 115 249 
44 72 66 115 160 80 96 28 33 26 47 68 76 83 122 119 115 97 128 132 76 53 91 113 89 53 49 50 41 32 53 48 75 71 47 46 48 47 30 48 64 38 39 23 30 37 40 52 33 67 63 109 26 23 35 33 26 89 197 192 205 197 197 196 190 146 120 116 100 98 73 71 69 62 59 58 55 49 54 64 122 137 143 144 155 168 176 181 160 152 152 156 155 152 143 130 106 102 88 72 73 91 107 112 114 118 122 126 132 139 143 143 137 134 127 121 121 116 113 249 
28 58 44 78 117 63 69 33 22 28 39 75 68 70 105 115 109 100 78 63 78 92 96 97 86 54 51 50 41 49 53 56 63 74 45 46 40 41 40 59 32 38 43 41 44 32 54 41 94 187 196 184 84 24 27 21 40 30 125 215 197 191 192 194 173 117 117 121 101 91 66 74 69 66 60 55 57 63 65 63 77 110 125 120 127 142 141 132 143 133 129 132 130 123 111 32 89 69 52 60 88 112 122 119 122 124 127 133 136 141 144 146 142 134 125 121 120 110 107 249 
40 27 66 30 45 70 58 49 28 32 40 58 52 66 92 116 130 110 91 90 85 84 91 108 87 60 56 52 42 68 54 68 63 81 41 49 38 41 52 57 44 38 25 33 45 60 86 73 171 196 186 217 178 48 33 26 28 26 51 180 189 188 193 189 164 118 113 107 94 71 51 54 71 69 61 51 51 58 61 58 67 92 103 98 101 114 126 136 132 119 115 119 115 104 88 71 55 49 55 81 111 129 133 132 138 138 202 140 140 141 174 143 13 134 104 119 116 101 100 252 
29 34 53 46 29 73 52 55 27 21 39 54 75 98 90 93 90 100 103 104 85 91 96 102 88 63 59 51 40 78 51 74 78 93 41 55 45 49 57 42 32 29 42 44 39 83 109 137 195 195 201 199 195 181 34 31 26 31 35 79 191 197 189 185 129 109 116 109 100 64 49 38 56 62 62 58 56 60 60 56 36 68 90 103 95 74 75 96 67 85 75 28 40 31 6 38 49 109 97 34 28 131 148 151 144 14 188 30 142 60 141 14 135 239 115 247 111 149 134 225 
28 32 32 63 24 46 71 47 30 27 51 79 51 46 44 42 60 61 85 126 106 79 101 98 91 60 57 50 58 67 47 52 50 206 49 47 35 59 60 41 67 163 27 184 100 50 58 153 193 102 245 153 199 199 217 165 59 149 20 71 151 91 148 77 44 125 104 78 223 101 173 47 137 211 109 187 155 227 13 70 207 37 151 235 125 38 230 26 199 191 81 6 191 23 41 93 180 236 81 7 41 87 65 228 166 82 115 7 232 160 73 65 26 112 155 204 72 226 253 140 
30 26 28 47 30 28 55 42 34 39 45 75 84 68 90 36 39 48 52 74 113 92 90 102 93 65 57 44 54 69 52 53 51 78 50 44 39 39 41 38 39 29 55 47 70 85 165 198 193 196 198 201 206 214 172 82 26 48 29 31 94 144 98 101 108 109 108 112 109 80 49 42 38 45 55 62 61 57 56 58 56 54 60 79 104 118 127 114 133 138 154 160 160 163 174 186 190 185 179 174 168 160 154 153 149 154 154 153 149 140 143 134 123 119 107 119 81 92 89 251 
33 24 26 32 41 15 40 42 36 31 36 56 41 62 97 125 30 32 39 44 103 92 81 99 92 69 58 42 50 66 53 49 52 75 54 44 38 38 42 39 39 33 129 188 182 164 198 188 190 203 211 204 189 195 196 158 47 43 38 38 38 66 41 103 105 103 102 110 112 90 62 50 38 38 44 54 62 63 60 58 57 58 57 66 93 126 142 140 143 162 178 179 174 173 175 177 197 187 180 177 170 158 152 154 155 156 154 148 143 137 197 220 101 112 229 31 85 85 20 213 
29 27 24 24 45 16 30 41 35 23 37 61 42 26 41 132 71 28 36 42 68 85 86 92 92 72 60 47 50 57 48 48 51 72 61 49 43 42 47 44 40 36 108 205 195 199 189 203 197 197 200 203 191 187 188 166 104 34 38 41 33 41 63 104 100 95 95 105 111 98 73 121 46 39 37 45 56 62 61 59 59 61 59 61 82 113 134 138 0 0 0 0 0 0 0 0 4 0 0 0 0 0 0 0 0 0 0 0 98 0 0 0 0 0 0 0 0 0 0 136 
22 30 21 21 35 21 19 31 36 27 22 42 100 26 27 57 113 33 19 33 38 84 89 90 96 74 60 53 50 48 47 57 52 71 70 55 47 44 48 43 30 49 221 255 200 194 201 185 190 197 201 203 186 165 146 114 89 37 43 40 41 42 84 98 101 94 94 102 107 101 82 63 55 43 35 37 47 66 0 0 0 8 40 38 1 0 0 0 72 98 137 4 177 145 0 38 147 4 136 0 200 38 130 148 235 71 65 242 27 6 183 141 233 183 30 23 134 122 237 254 
23 30 21 24 22 25 15 21 30 31 16 9 79 63 36 36 86 36 15 28 32 78 77 94 101 77 59 55 51 44 51 67 54 69 79 58 47 41 44 38 44 35 81 197 194 197 235 192 198 206 192 163 164 123 90 61 31 33 32 37 39 31 59 108 42 98 97 101 102 102 95 71 62 49 36 163 40 34 57 61 60 52 1 67 66 64 70 79 22 107 109 127 148 158 161 160 153 164 162 151 149 156 153 143 135 139 137 129 125 123 113 102 92 84 80 73 74 75 65 253 
29 23 21 25 18 24 19 18 23 30 30 18 27 68 19 29 41 30 25 28 31 66 72 90 100 81 36 56 52 47 52 123 55 67 81 58 44 38 43 37 45 22 58 213 202 217 202 201 181 160 122 98 81 65 49 24 22 28 27 35 44 41 35 87 106 98 98 99 98 102 99 82 71 56 42 38 42 47 49 50 58 59 63 67 66 183 177 3 14 0 251 109 217 247 132 89 209 167 43 79 103 146 195 136 173 63 152 128 68 196 121 167 39 6 10 214 65 66 139 136 
31 12 18 22 15 19 22 19 28 22 14 24 20 35 30 21 37 23 25 18 22 62 85 79 96 83 63 58 56 50 48 42 54 65 81 56 43 37 45 40 32 53 45 211 227 48 42 54 65 81 56 43 37 45 40 32 53 45 211 227 202 193 138 97 82 70 79 68 36 26 27 22 41 78 52 38 45 32 55 102 94 96 96 95 104 105 91 77 62 47 43 45 45 41 37 52 54 58 61 64 65 65 64 60 66 63 55 65 98 132 149 140 140 139 138 136 133 129 126 118 
29 21 19 19 18 20 20 14 18 25 23 18 19 27 24 15 32 19 23 19 29 74 67 83 96 87 62 55 58 53 51 46 56 56 86 60 52 37 35 40 41 45 38 176 172 0 0 0 0 0 0 0 0 0 0 0 0 0 0 0 0 0 0 0 0 0 0 0 0 0 0 0 0 0 0 0 0 0 0 0 0 0 0 0 0 0 0 0 0 0 0 0 0 32 0 0 0 1 0 0 0 200 21 8 0 0 0 136 23 26 4 128 8 100 102 26 4 32 0 232 
30 21 18 18 17 21 25 21 13 14 17 21 22 22 24 27 24 23 23 7 18 73 74 82 94 88 65 58 59 53 51 45 57 55 80 48 47 37 34 38 38 43 35 132 165 112 72 28 23 26 27 32 44 58 80 104 127 145 151 157 78 40 35 40 54 103 102 99 92 112 97 32 92 77 62 53 49 50 43 29 25 35 47 53 55 55 56 58 62 60 59 62 61 59 78 110 142 141 138 131 122 116 114 114 110 109 104 95 83 72 65 63 68 64 59 55 48 41 47 252 
29 23 21 21 17 18 18 12 20 20 23 24 23 17 21 26 26 28 31 23 34 73 74 77 91 91 70 62 58 52 51 46 30 49 62 34 37 99 70 46 34 31 43 84 79 34 32 29 77 101 113 114 137 144 145 203 148 153 149 222 125 58 37 45 43 86 110 98 97 97 103 110 101 86 72 62 55 53 46 32 23 28 37 46 52 54 54 54 59 59 58 60 62 58 62 196 115 124 133 133 124 113 106 104 102 95 84 73 65 62 62 63 65 57 47 43 41 41 48 252 
33 25 22 20 17 19 21 17 13 16 23 19 23 19 20 19 26 30 28 23 38 72 78 72 90 94 75 61 56 51 52 48 47 43 56 41 46 41 36 33 39 48 37 47 16 30 57 94 152 164 150 124 205 246 26 159 229 223 113 88 142 233 198 126 211 37 78 69 168 17 31 96 94 148 53 122 28 165 213 50 99 236 99 205 203 51 59 39 246 109 27 98 23 222 254 134 183 0 83 203 109 207 170 213 31 210 118 105 12 188 237 78 208 236 39 161 196 85 229 181 
59 45 33 24 16 17 18 13 20 15 26 29 41 28 25 17 19 26 19 17 41 71 86 71 89 96 78 60 53 50 54 50 56 49 51 39 43 41 39 37 52 37 31 50 36 93 123 134 159 169 155 132 137 154 151 137 125 138 144 136 114 88 57 43 44 43 66 104 86 104 111 108 103 94 86 76 65 59 52 39 22 23 28 36 40 41 44 47 46 52 52 51 56 57 56 58 56 64 74 82 84 81 76 73 59 59 60 60 59 54 46 40 38 40 43 46 47 49 53 253 
201 173 151 126 96 68 41 17 26 10 20 30 53 34 33 29 27 23 32 73 98 78 78 71 22 97 80 60 53 51 55 50 53 47 42 37 40 42 46 48 37 56 45 48 137 139 115 145 161 164 147 125 131 150 155 146 129 111 136 148 99 100 87 49 34 40 44 69 95 104 101 111 106 98 91 82 70 63 55 41 27 24 27 33 37 37 39 44 42 48 46 43 47 49 49 54 55 55 56 60 62 62 59 56 56 53 51 49 46 43 39 35 38 42 44 46 46 48 53 253 
217 208 203 200 186 165 136 109 53 37 32 17 39 38 50 42 39 29 45 107 128 74 71 72 83 96 81 62 55 54 55 47 35 41 46 54 54 49 46 42 40 49 55 58 164 133 116 128 159 169 157 135 136 148 145 133 131 0 0 0 0 0 0 0 0 0 0 0 0 0 0 0 0 0 0 0 0 0 0 0 0 0 0 0 0 0 0 0 0 0 0 0 0 0 0 0 0 0 0 0 0 0 0 0 0 0 0 0 0 0 0 0 199 195 195 195 199 195 135 131 
219 210 210 215 213 204 185 162 140 125 93 28 31 43 59 34 38 40 38 64 81 58 80 74 79 95 81 64 56 55 55 44 59 58 49 48 44 44 52 57 47 51 47 43 151 127 122 130 150 166 157 133 132 143 137 121 116 124 140 118 96 92 89 96 47 48 33 28 34 83 107 107 107 100 96 91 82 78 69 55 38 26 21 29 38 39 38 38 38 40 37 37 42 39 35 39 37 35 34 33 35 35 37 38 33 35 39 42 44 45 46 46 44 48 50 51 53 56 59 252 
221 217 217 219 215 202 194 191 169 137 131 131 100 74 61 45 36 26 48 144 177 63 78 70 81 98 90 68 58 52 47 49 62 53 43 51 59 54 54 46 46 37 49 45 135 116 116 133 158 166 158 137 148 144 110 107 121 137 143 108 92 97 89 98 83 32 38 39 26 40 96 102 107 106 98 90 89 88 77 61 44 31 22 26 33 36 38 40 39 40 41 41 39 39 39 39 37 39 45 34 38 40 28 42 41 41 42 45 47 47 46 44 46 54 49 48 60 57 47 250 
222 218 215 216 213 206 203 204 185 165 131 131 133 119 97 14 44 38 23 54 86 46 83 67 73 90 85 63 52 49 49 54 50 53 53 66 52 42 44 40 39 35 46 38 117 110 112 194 156 167 163 143 143 132 111 119 136 148 131 100 102 103 91 102 103 65 5 41 21 31 64 106 104 100 95 93 95 94 102 70 50 3 18 30 34 35 36 9 39 233 12 40 40 40 40 224 11 37 37 4 49 196 17 43 49 173 35 230 13 61 46 56 43 55 48 54 57 59 71 249 
222 216 210 215 219 218 210 202 156 248 169 158 156 143 132 138 128 130 86 112 86 81 74 71 73 90 91 73 60 53 49 49 50 48 46 67 47 51 55 50 48 46 43 36 95 108 116 139 160 169 168 152 141 118 103 125 141 151 117 95 107 101 94 108 103 88 46 36 29 26 34 81 106 103 98 96 97 96 87 78 53 31 17 21 28 30 35 45 39 41 42 42 41 40 40 41 41 45 45 45 42 44 50 42 44 44 47 52 55 53 50 49 52 63 53 62 56 66 100 244 
195 206 216 218 216 213 210 209 192 186 182 178 157 129 129 152 151 140 129 123 104 70 67 72 66 79 81 69 59 53 47 43 57 48 104 66 39 49 51 41 37 42 36 35 76 107 119 144 159 163 161 153 137 108 100 126 140 144 114 105 107 99 108 116 107 104 73 33 40 24 25 43 89 97 99 95 96 101 98 89 74 46 25 27 33 32 33 40 41 42 43 43 42 42 42 43 34 48 46 45 39 49 66 45 51 55 54 47 47 52 53 49 50 56 57 82 231 124 143 249 
191 196 201 207 213 217 216 210 197 183 190 190 159 137 145 154 146 156 142 143 110 123 105 111 99 98 92 76 62 54 44 32 49 48 49 75 42 48 49 42 39 46 42 46 68 105 117 140 163 167 164 156 133 104 111 142 16 126 107 108 98 81 233 118 238 98 80 78 186 27 183 43 201 72 123 109 197 242 200 32 212 8 24 26 238 84 50 9 181 163 198 76 146 162 218 186 248 86 241 221 138 111 176 173 202 213 153 141 219 68 231 192 64 61 69 89 128 150 172 243 
206 202 195 191 200 213 215 209 200 192 195 174 133 133 156 157 155 148 155 130 142 132 133 120 131 127 123 111 94 80 62 40 55 48 41 60 40 43 45 0 0 0 0 0 0 0 0 0 0 0 0 0 0 0 0 0 0 0 0 121 121 121 118 118 118 206 202 195 191 200 213 215 209 200 192 195 174 133 133 156 157 155 148 155 130 142 132 133 120 131 127 123 111 94 80 62 40 55 48 41 60 40 43 45 36 41 42 37 38 55 101 126 153 162 171 165 150 120 94 115 
186 202 206 188 172 177 193 205 193 195 187 155 124 127 146 151 160 147 128 138 132 141 137 146 137 136 143 145 137 133 122 102 84 68 50 54 47 45 45 37 42 40 42 45 57 96 122 145 157 168 159 149 127 111 130 145 139 109 108 108 101 115 121 109 112 105 109 110 59 34 26 28 42 62 83 94 100 106 109 107 101 78 49 31 27 30 34 37 40 41 43 43 47 43 43 44 49 46 55 56 48 46 75 126 144 99 61 56 61 58 56 61 52 55 63 61 72 111 153 244 

