188 201 162 201 192 64 55 167 110 44 117 57 131 146 85 16 32 47 107 138 162 189 206 214 211 193 167 139 119 113 120 145 175 197 198 169 138 114 121 82 153 169 157 160 162 158 157 157 155 159 157 162 161 158 164 168 135 76 90 97 99 100 101 100 102 101 98 96 97 97 98 99 100 226 206 191 220 218 208 133 129 148 144 118 138 177 165 162 134 125 146 110 105 129 102 156 172 159 114 101 100 106 124 159 173 123 66 111 83 106 107 91 122 91 89 123 68 104 87 86 101 109 79 110 97 77 109 96
190 212 136 219 179 31 56 162 116 34 114 80 138 238 183 17 25 36 127 189 147 117 100 95 99 121 152 187 204 200 179 144 108 81 66 71 80 94 109 72 153 167 156 159 160 158 159 156 159 157 157 160 158 159 160 171 143 68 88 89 96 99 100 102 104 99 99 99 96 98 100 99 112 208 194 151 219 215 202 131 116 159 160 132 140 183 146 158 105 120 139 124 87 176 156 107 47 29 39 38 32 27 27 57 136 187 154 120 105 97 109 123 78 138 83 114 101 67 113 77 85 125 95 80 103 117 84 104
190 225 124 206 167 17 64 158 119 9 36 43 106 229 149 12 15 26 94 135 170 188 198 197 180 158 126 100 80 76 72 81 79 75 62 57 47 55 38 71 155 170 157 163 159 159 156 160 158 158 157 164 161 160 160 166 138 68 81 87 92 97 103 104 102 99 97 95 100 103 98 98 109 208 202 194 200 192 180 149 128 147 135 118 137 190 135 150 114 97 123 118 167 139 50 18 38 64 94 117 107 78 48 24 30 80 196 188 169 87 92 115 96 99 124 91 95 86 83 85 98 97 114 94 99 100 103 135
196 203 147 196 126 14 69 163 126 40 39 45 50 114 124 133 161 171 147 132 117 97 88 78 74 70 69 60 50 41 31 26 25 27 28 32 37 41 50 88 154 166 157 159 158 154 157 158 158 157 160 164 165 162 161 167 148 75 84 86 87 92 100 102 100 101 97 97 101 101 101 99 109 219 183 154 214 203 187 122 108 149 141 124 147 187 140 133 120 122 121 190 131 57 45 60 89 102 115 122 105 78 69 50 35 14 61 197 195 180 91 75 120 89 133 69 68 112 49 92 91 79 95 112 84 77 93 91
207 154 189 182 84 22 68 157 158 169 171 150 86 68 103 165 167 157 138 80 60 50 41 32 28 24 21 23 23 26 26 29 31 30 34 33 40 48 50 104 150 166 156 160 157 155 156 155 158 156 159 159 164 162 161 166 152 85 90 89 92 92 97 103 101 97 98 100 102 102 100 99 100 195 194 164 203 199 197 120 112 141 138 126 148 185 147 117 108 130 159 138 96 96 89 94 97 66 54 39 54 71 79 87 61 43 18 134 178 203 172 72 109 119 86 115 77 88 95 76 114 96 88 92 117 89 89 131
219 118 213 175 45 23 70 152 157 162 151 131 104 68 60 63 47 32 25 24 27 26 27 29 28 26 26 27 27 26 29 25 28 29 29 34 41 43 60 125 151 168 153 159 158 154 154 157 160 158 158 160 162 163 159 162 155 91 94 92 89 93 90 98 98 100 100 100 101 101 101 99 103 190 183 187 200 193 193 123 111 146 133 137 145 175 152 109 102 175 153 86 90 53 60 103 74 84 96 90 73 80 76 73 80 53 33 58 156 192 180 188 75 131 90 89 97 76 87 79 87 98 91 84 102 76 89 108
213 123 196 164 21 25 79 150 152 55 44 31 28 30 32 28 28 30 32 31 30 28 28 27 27 26 27 28 25 23 25 28 31 36 40 48 45 40 86 148 161 168 152 154 157 154 152 153 152 154 158 163 164 161 160 162 151 94 98 96 94 94 97 98 100 95 98 104 100 104 97 97 107 204 184 125 199 193 191 137 115 153 133 135 144 159 162 111 102 183 73 103 86 66 82 64 74 89 102 90 74 84 86 93 73 57 49 21 137 182 185 171 191 88 109 65 118 60 72 123 59 82 87 84 87 88 103 83
165 188 169 106 19 34 88 152 149 24 34 35 36 35 33 33 31 29 32 31 29 28 28 26 26 26 28 38 40 39 41 35 28 24 22 31 47 100 139 195 196 161 150 151 154 154 155 153 158 160 163 166 167 170 165 169 159 97 105 101 99 101 102 98 97 96 99 102 105 101 101 100 96 173 175 161 197 196 190 141 123 146 135 147 152 151 154 109 150 110 101 117 109 103 88 56 55 80 94 104 91 80 70 74 76 67 51 35 93 147 194 184 179 158 73 109 72 98 85 97 113 76 72 107 78 78 105 90
132 215 165 55 23 38 90 149 159 29 35 37 34 33 33 32 30 31 30 28 29 27 27 25 27 26 29 29 34 39 54 61 57 61 132 151 111 175 140 176 173 164 150 150 152 158 162 166 162 163 164 164 167 166 158 158 152 98 107 105 105 107 104 100 98 97 104 106 106 100 100 101 99 208 186 158 181 190 199 159 136 157 132 143 145 154 147 125 181 96 126 134 148 146 106 60 38 41 62 96 99 92 76 82 52 62 61 38 26 169 161 183 152 190 170 100 72 89 85 79 101 77 69 73 79 90 95 84
144 181 162 24 27 34 92 146 159 31 34 36 33 33 33 33 28 31 29 28 28 26 27 25 25 27 27 28 27 31 29 28 35 85 116 191 118 109 121 209 148 162 152 151 151 154 147 147 148 152 155 160 161 161 158 157 150 101 106 106 106 105 104 96 94 100 104 106 102 103 101 100 92 158 193 108 176 194 184 182 133 154 138 157 154 156 124 197 105 95 120 165 171 165 137 89 52 38 38 36 52 76 101 86 84 59 49 45 27 86 181 161 166 183 188 156 70 70 118 67 68 103 70 66 73 88 100 81
186 150 129 23 20 36 106 148 161 32 34 35 33 32 30 29 29 29 30 28 30 29 27 26 25 27 28 30 29 30 35 32 56 70 165 115 131 86 148 199 119 162 146 146 147 143 145 151 156 157 158 161 162 158 159 157 149 95 108 105 105 104 97 93 95 101 102 104 107 104 104 107 100 165 181 132 173 192 188 171 143 164 133 140 161 157 132 173 70 92 151 172 174 173 166 118 94 60 34 25 33 64 74 117 83 89 49 35 22 115 110 183 161 147 180 201 137 80 81 109 90 78 88 69 64 105 67 120
203 152 96 109 141 168 176 166 162 34 33 33 34 33 32 33 34 35 35 37 39 31 26 25 25 30 30 30 32 31 32 45 65 87 172 97 131 77 199 170 92 170 150 150 148 146 150 152 151 152 157 160 159 156 157 158 147 93 112 107 103 97 95 95 105 110 113 113 108 108 102 100 98 153 196 144 136 209 196 177 138 161 141 142 173 147 153 108 77 102 174 176 182 181 183 155 133 116 101 97 59 63 68 72 91 44 63 31 24 72 151 151 137 143 193 165 203 136 66 93 76 77 83 62 50 85 68 124
172 90 154 189 189 182 181 170 170 40 36 38 38 40 40 43 42 43 46 47 45 28 24 26 26 30 30 28 32 33 36 61 67 111 145 116 108 99 200 133 83 174 149 152 151 154 154 154 154 154 157 163 164 164 160 161 150 90 108 112 106 110 108 108 110 109 107 106 105 102 103 101 98 133 167 140 122 154 190 188 146 180 135 140 170 136 189 76 74 149 178 186 193 196 190 170 156 153 163 152 130 98 63 40 75 44 33 40 24 55 106 165 149 138 141 195 171 189 112 71 100 74 71 86 86 66 73 107
127 151 161 151 127 105 78 96 181 53 51 51 52 47 49 48 46 47 47 51 42 25 25 25 30 29 29 30 32 31 50 65 69 163 103 132 79 136 201 81 91 176 154 154 155 155 158 154 155 155 158 161 159 155 149 149 142 90 108 115 111 104 101 105 106 106 109 106 107 102 103 102 100 144 184 157 140 170 133 187 147 188 134 151 167 160 198 45 98 174 176 179 193 192 186 176 169 168 167 158 147 126 55 41 30 45 32 32 26 75 106 146 129 132 173 154 181 176 179 69 76 91 87 69 82 77 82 88
83 58 48 34 37 39 40 103 183 73 75 64 54 47 48 48 45 47 47 48 34 24 26 26 30 30 32 32 30 39 76 83 88 168 93 124 64 164 159 42 104 179 155 155 157 155 155 156 153 156 153 154 156 163 165 167 157 83 101 106 111 105 107 107 106 109 108 107 106 103 108 102 101 106 191 171 117 114 161 175 137 189 133 135 169 204 138 34 136 176 181 185 192 191 185 168 171 172 166 157 140 113 42 38 29 33 33 28 28 45 143 133 135 134 126 144 177 158 178 138 72 78 67 68 83 65 49 86
33 40 40 45 47 47 48 119 180 80 63 53 49 49 47 45 49 44 50 48 30 28 28 31 31 33 29 31 36 57 80 86 108 119 128 96 89 152 137 20 109 181 155 155 154 149 145 152 158 163 163 167 164 167 167 162 149 74 96 105 106 105 109 106 107 109 105 107 106 107 102 102 100 121 158 179 98 152 139 192 150 186 132 158 193 196 110 39 177 181 185 188 193 191 178 175 174 170 159 147 130 107 39 36 29 30 30 29 25 78 80 150 107 127 146 144 167 182 164 123 83 72 83 91 73 81 106 87
38 40 44 45 44 54 53 121 180 76 50 47 49 49 48 52 50 54 55 44 37 34 33 33 30 30 26 26 45 79 74 89 109 97 134 63 135 138 100 24 111 176 155 151 151 157 156 161 162 163 162 162 158 146 137 129 130 84 98 102 100 101 100 102 100 100 99 97 96 102 104 104 99 99 192 177 135 150 76 82 162 184 136 147 201 191 104 83 189 192 195 198 190 177 178 180 175 161 146 130 120 102 45 34 28 27 29 29 23 75 112 128 110 149 130 137 150 171 170 82 128 108 106 100 96 101 89 115
40 40 42 46 51 54 59 131 180 70 51 49 46 47 56 57 53 49 47 43 43 43 45 88 119 133 194 151 47 73 79 80 96 110 109 56 159 134 52 34 114 175 151 158 156 156 156 156 151 147 147 147 143 133 133 146 152 90 99 96 93 94 92 88 84 78 73 80 79 80 83 89 87 84 154 184 103 150 57 143 167 175 151 164 186 171 95 139 178 188 199 197 190 180 177 180 172 152 136 127 116 96 56 32 29 28 30 29 23 62 123 121 119 124 131 116 183 153 143 72 142 109 106 104 108 100 99 90
38 41 42 47 55 55 71 133 181 77 47 45 48 50 54 53 52 56 44 44 38 54 116 133 113 179 218 151 107 61 75 94 97 131 82 83 154 133 26 38 120 178 151 153 152 149 150 143 141 141 148 147 149 157 157 164 153 95 98 93 90 82 80 89 109 133 150 168 185 198 200 204 210 210 192 176 163 180 148 126 181 173 158 188 172 174 104 166 109 161 188 188 186 184 180 183 174 159 146 132 122 103 73 35 27 29 30 29 23 113 74 120 115 146 124 82 156 170 118 82 114 124 121 116 108 102 100 97
39 40 41 52 55 53 87 130 178 82 45 48 47 47 41 59 70 49 42 42 83 130 140 126 193 202 159 114 198 161 141 117 88 126 53 126 167 97 25 45 121 181 154 152 152 154 151 159 157 159 161 179 168 144 148 183 165 122 133 147 156 172 193 199 204 202 202 204 206 205 208 205 204 208 153 182 153 178 153 137 188 171 146 178 176 180 102 168 140 75 138 178 183 181 184 183 173 166 151 132 113 99 89 38 28 28 29 31 19 109 102 101 134 96 112 88 147 181 99 84 45 133 123 121 131 127 115 109
35 39 46 52 55 54 96 130 176 86 43 48 45 36 71 77 48 42 72 117 132 136 149 202 200 135 114 200 200 160 78 57 116 104 51 152 162 56 31 48 121 175 69 50 38 34 27 30 36 46 62 85 105 137 164 179 185 195 195 199 200 197 198 197 202 200 199 199 199 200 200 202 204 207 185 154 167 198 185 178 180 174 188 165 181 165 125 108 133 133 74 143 176 173 175 168 164 161 146 133 109 99 93 41 28 28 29 29 22 96 129 91 127 107 103 105 166 143 75 56 35 126 159 157 151 146 139 125
36 44 47 52 57 57 112 127 177 87 46 39 40 82 82 64 62 109 133 140 139 174 210 196 116 129 205 193 147 61 31 71 131 67 91 156 130 27 35 56 130 170 18 50 78 107 135 155 179 186 195 196 198 198 198 195 198 197 198 199 202 201 204 203 202 205 203 205 203 204 204 203 205 206 193 196 172 177 178 190 181 182 178 159 187 148 121 65 69 145 133 121 171 163 155 133 124 124 118 118 113 99 81 49 26 27 26 26 47 137 92 84 143 66 120 83 137 128 64 40 50 135 183 160 143 142 143 134
37 44 49 54 59 60 121 127 173 95 34 51 82 87 72 81 114 123 123 133 191 197 181 111 139 209 183 142 61 22 52 84 123 46 130 170 102 26 39 60 124 174 119 154 171 187 188 193 194 190 198 194 195 197 195 196 195 195 195 196 195 202 205 203 204 204 205 205 209 207 204 205 207 206 193 149 165 172 179 186 175 197 166 175 163 165 179 137 102 128 96 134 175 156 122 70 47 43 44 59 68 75 78 51 27 27 28 26 46 107 113 116 96 70 103 74 145 69 45 44 55 101 168 164 167 166 151 147
40 44 49 56 59 68 129 126 174 98 59 82 84 77 108 138 136 132 126 202 215 171 99 157 208 172 130 52 23 43 63 114 97 50 153 159 62 31 40 63 123 180 169 169 178 192 193 193 190 196 195 197 198 190 199 195 202 201 201 201 204 203 202 204 205 207 207 208 206 204 205 204 204 208 208 162 160 136 185 198 180 176 178 158 164 168 177 133 120 145 121 138 177 149 88 45 53 54 73 94 110 78 54 52 33 27 29 20 120 85 128 96 105 74 88 75 111 46 43 49 56 83 179 191 156 148 157 158
40 44 50 53 60 80 126 127 169 119 70 71 96 136 140 139 136 157 223 193 152 98 166 201 151 102 38 26 32 72 67 137 61 92 157 145 33 32 48 72 125 177 170 173 182 192 194 197 196 196 197 196 201 201 200 200 200 201 201 208 206 208 206 205 204 204 204 204 206 208 206 205 206 207 209 160 187 158 173 192 182 171 161 146 163 153 178 173 137 123 141 174 186 126 57 53 63 68 129 118 84 91 76 46 33 29 28 17 126 75 97 129 41 82 62 106 48 46 45 62 67 61 155 171 172 175 163 168
38 44 46 55 60 89 131 125 168 116 68 119 133 142 149 131 181 221 193 123 100 166 172 127 70 27 27 34 47 99 96 108 39 136 160 99 26 37 49 80 126 177 175 174 172 172 177 191 198 200 200 197 197 202 199 200 205 210 208 206 207 209 206 204 206 206 203 208 203 201 205 197 201 201 207 133 169 171 174 183 180 201 131 137 177 173 173 171 170 150 152 191 171 86 54 78 100 99 70 75 42 49 73 60 48 34 25 41 121 101 88 105 44 71 47 61 41 47 54 58 60 70 117 173 174 164 180 165
40 43 48 54 59 101 128 126 165 126 106 134 142 136 128 199 217 183 109 102 166 162 113 61 24 32 36 36 71 87 167 177 47 150 157 58 30 33 50 88 127 178 167 166 171 169 180 203 200 199 202 204 205 199 206 205 204 206 211 208 211 206 207 206 204 208 205 206 205 203 200 200 198 199 204 176 181 164 150 176 186 176 134 138 171 145 168 169 166 166 175 203 141 65 73 81 124 117 134 113 39 33 50 54 54 48 29 88 115 116 92 86 28 54 43 55 55 53 66 62 71 80 93 196 176 157 188 144
37 44 45 54 61 115 131 130 160 146 130 140 144 140 211 193 141 136 128 174 164 100 37 26 35 35 36 47 99 46 218 152 81 193 209 38 39 70 90 101 129 178 176 178 174 180 202 206 205 205 208 205 208 213 211 214 210 208 207 210 208 209 205 205 206 205 204 203 203 202 200 201 195 198 196 175 151 172 168 167 204 189 136 120 158 155 157 167 175 173 190 177 88 83 83 92 122 127 80 67 50 41 72 83 78 56 36 99 71 116 84 65 32 48 45 141 111 49 57 48 43 58 83 160 168 183 132 117
39 40 46 54 66 123 131 132 161 156 137 133 155 224 184 109 119 140 171 163 99 27 32 33 36 39 39 74 93 97 109 33 141 191 147 54 162 185 192 189 181 168 178 178 175 197 207 204 206 204 212 212 214 210 208 209 210 212 213 214 208 215 209 208 205 205 206 204 204 200 199 196 196 195 195 187 123 189 159 184 218 220 107 131 136 163 153 169 178 173 185 127 84 91 80 97 115 143 137 107 85 72 91 104 78 54 47 143 49 112 82 42 39 47 30 143 142 29 38 41 49 53 57 126 191 133 123 172
39 41 44 52 73 128 129 132 156 162 127 213 233 142 170 212 95 154 148 97 31 37 35 33 38 33 58 92 53 102 80 71 111 111 110 195 186 174 167 161 169 174 183 186 191 209 206 204 207 213 216 216 216 217 217 214 215 214 215 212 213 202 207 204 204 203 201 202 201 197 196 191 195 196 195 200 158 168 168 194 195 175 133 110 144 158 151 172 167 181 171 118 87 81 82 105 118 139 140 132 115 110 107 88 69 48 68 129 81 112 78 35 47 30 43 135 164 47 37 39 43 44 48 69 150 137 186 143
39 41 43 50 83 123 131 135 154 160 195 251 186 99 168 171 218 157 77 27 33 30 47 66 72 101 130 116 139 150 177 207 163 111 149 168 168 174 182 192 184 171 193 191 212 210 211 216 214 217 217 219 220 217 211 215 214 213 211 212 211 210 209 203 208 204 203 201 200 200 198 194 193 188 189 194 145 199 206 190 193 199 112 101 165 139 159 161 174 207 132 96 66 57 85 117 127 146 143 135 121 110 95 76 61 40 85 67 95 102 61 39 40 24 106 127 156 81 80 45 37 44 48 62 108 183 128 56
40 39 38 34 92 129 137 140 160 128 145 159 187 88 117 189 211 81 28 55 115 222 238 244 250 251 244 233 214 172 165 159 162 159 184 187 186 187 189 187 183 172 194 209 213 216 218 218 219 217 215 214 214 216 213 212 211 207 208 210 208 207 208 206 204 207 204 203 200 197 194 194 195 191 187 186 155 210 185 192 194 209 125 108 139 153 160 163 163 144 93 82 81 58 84 124 133 143 137 127 110 86 73 58 49 37 148 37 115 69 44 43 35 24 120 136 170 130 96 112 111 95 99 116 161 103 81 50
40 54 78 106 142 143 142 151 164 143 9 99 110 100 117 65 77 94 146 209 245 207 211 219 207 210 221 203 192 176 186 190 182 188 187 187 187 185 186 187 178 172 203 218 218 221 219 219 219 219 216 212 209 210 214 214 213 212 212 211 210 206 204 202 202 199 195 196 195 191 187 187 182 178 177 175 215 169 168 193 188 206 151 102 120 173 163 173 180 89 44 45 60 42 102 127 124 132 122 110 90 73 63 52 43 60 125 52 99 58 46 28 64 48 97 142 194 147 119 121 140 153 155 160 166 96 55 50
155 171 176 176 174 182 173 163 163 159 101 104 128 150 161 187 186 186 170 178 200 204 205 218 203 200 214 181 188 189 187 187 184 186 183 181 175 180 182 189 197 198 220 221 222 218 218 217 216 212 214 209 203 208 202 201 205 201 201 198 196 197 192 191 185 188 187 184 184 185 176 176 173 170 164 200 202 181 190 198 199 210 159 110 154 177 166 169 169 153 74 46 37 63 136 126 112 115 110 94 76 67 53 47 32 86 61 101 74 53 38 36 38 50 91 144 183 136 169 167 157 158 157 150 148 107 38 40
183 182 185 186 189 201 201 202 204 199 194 186 176 172 163 150 145 148 161 167 197 213 189 189 196 198 164 190 183 181 181 178 178 183 184 196 207 216 219 225 224 222 210 213 207 210 207 207 206 206 200 201 200 200 196 198 195 195 192 189 188 189 185 184 182 185 180 181 177 176 175 168 175 171 179 212 201 186 177 190 192 204 205 96 126 191 170 150 168 175 142 82 82 124 122 120 113 102 97 83 70 57 52 49 26 133 37 99 53 40 39 32 29 58 127 157 188 120 157 163 158 153 152 151 114 109 10 22
156 159 167 177 183 178 174 173 168 167 153 146 147 161 168 186 192 195 196 185 225 234 201 201 215 213 181 178 179 183 195 208 215 220 227 222 219 217 213 210 205 210 203 204 207 206 203 204 199 200 197 198 197 193 195 194 189 185 187 185 188 184 186 179 180 177 177 172 172 172 171 172 159 167 215 206 205 192 172 173 199 208 167 155 114 199 162 105 95 109 159 110 109 111 116 116 111 108 88 82 67 60 52 43 89 102 48 63 44 37 34 29 27 97 135 173 192 131 125 172 147 151 147 119 89 98 114 127
139 138 141 131 134 128 132 131 133 138 139 142 148 151 155 158 163 155 184 224 234 240 219 219 225 203 199 214 230 232 227 223 216 218 215 212 212 211 207 209 206 207 204 205 201 200 198 198 194 196 194 190 190 188 189 188 185 183 182 177 180 176 175 171 173 172 169 168 164 165 164 163 161 198 206 212 210 180 164 174 194 197 183 187 97 173 153 159 150 111 61 47 60 90 107 114 101 102 90 79 67 59 57 34 126 36 58 54 39 38 27 29 25 94 133 178 194 142 52 135 176 164 129 76 101 146 90 70
77 85 85 102 101 115 121 125 130 132 135 141 141 143 135 136 139 166 250 215 231 222 239 228 217 206 188 191 159 179 196 211 211 203 206 205 210 207 208 201 203 203 202 197 194 194 187 192 187 187 186 180 181 183 178 178 177 170 166 171 170 169 168 167 167 166 165 160 160 161 164 158 169 214 212 209 206 189 172 161 180 200 183 194 152 123 176 154 131 166 175 137 106 68 66 109 104 95 92 81 72 62 57 47 97 32 62 44 35 28 32 27 68 139 117 191 194 125 79 88 120 170 131 93 131 147 142 68
127 118 111 105 96 97 115 99 102 97 98 96 100 118 160 189 146 223 159 126 176 130 221 216 206 164 181 197 129 143 140 142 193 202 207 199 196 202 191 192 192 188 185 185 187 186 176 180 181 181 175 168 170 167 167 168 162 164 166 166 163 164 162 161 161 158 157 149 155 156 151 171 223 215 213 210 205 197 175 161 163 201 187 175 167 125 182 156 140 78 98 102 76 89 104 107 110 98 93 80 66 59 45 96 43 57 40 32 30 36 39 28 136 139 160 202 179 110 72 71 102 140 180 123 152 163 178 99
199 197 199 200 205 205 208 205 211 205 200 194 196 184 197 182 199 197 212 213 209 204 218 227 123 181 173 206 183 109 150 144 128 209 214 208 209 213 213 212 211 207 207 199 201 199 197 166 171 165 170 169 164 165 163 160 162 157 163 158 157 157 157 157 150 154 151 151 150 149 145 211 202 196 203 200 204 197 180 155 152 194 190 189 185 143 122 149 172 166 118 79 81 86 85 94 105 91 83 74 63 59 45 91 47 38 31 30 37 33 31 26 116 111 189 204 152 110 50 64 83 118 159 158 172 172 191 160
193 198 193 191 193 192 194 206 213 213 212 208 215 145 91 97 95 149 140 143 163 171 153 85 114 201 156 127 128 111 146 119 129 175 205 221 221 214 212 220 209 212 218 214 209 201 227 199 150 159 158 158 158 150 150 148 153 157 155 154 153 153 150 153 154 151 151 151 153 146 175 190 180 171 165 191 197 196 187 141 142 181 196 194 170 180 122 169 178 197 195 181 140 112 89 88 89 77 69 62 62 41 61 22 30 30 28 31 33 32 30 16 108 122 204 193 142 120 51 59 71 73 115 161 166 176 184 177
195 201 203 203 205 199 204 207 209 207 211 220 198 122 97 100 100 95 93 91 102 193 106 90 124 126 138 134 90 121 130 136 150 137 187 255 244 214 217 214 216 218 215 211 220 216 202 194 142 158 159 160 149 157 157 157 152 156 154 152 149 148 149 148 151 152 156 153 156 156 193 186 184 177 184 162 183 193 198 165 130 153 197 179 178 153 158 166 175 176 177 159 141 127 106 96 89 74 59 46 27 22 43 85 69 47 26 69 114 76 17 85 100 136 213 182 130 119 58 70 78 73 107 151 170 164 176 169
211 209 213 209 215 212 211 216 220 216 215 214 195 106 94 98 94 93 93 95 115 178 111 95 124 133 128 129 86 119 93 59 84 82 143 187 191 212 209 215 212 216 214 216 218 204 178 147 146 157 159 145 152 155 150 157 160 155 154 154 153 154 152 153 153 159 163 163 162 211 199 196 192 188 176 177 181 167 195 193 146 132 168 188 178 141 187 136 144 158 152 138 126 111 95 80 66 53 53 87 81 119 106 37 35 45 37 139 139 104 103 113 82 172 214 182 132 115 79 78 81 83 93 150 161 159 176 185
213 213 209 217 215 209 219 217 209 214 213 220 177 85 86 86 87 86 91 89 123 167 119 91 129 105 142 125 90 96 142 184 203 200 199 188 206 206 204 202 207 203 203 211 197 171 156 115 144 159 156 161 158 157 154 156 154 157 155 153 156 163 160 160 162 162 167 160 189 210 199 201 198 199 196 178 180 183 178 194 184 131 149 139 195 158 148 187 124 104 111 103 87 81 63 54 43 50 93 89 135 62 36 30 28 29 30 143 155 143 87 83 100 197 210 178 139 128 89 74 76 84 83 146 161 178 190 185
215 208 210 215 205 213 211 209 217 214 214 209 112 84 87 83 86 87 85 94 129 151 127 103 97 86 110 134 75 133 204 201 208 208 208 202 196 198 200 205 199 205 212 188 162 139 148 97 142 158 160 153 159 158 155 154 155 158 161 159 165 160 164 161 163 164 166 156 212 205 203 198 204 191 193 189 172 183 174 178 200 149 119 131 165 185 153 161 166 109 79 70 61 64 45 43 37 26 92 145 96 39 36 31 30 24 82 120 157 144 126 142 158 207 204 171 135 125 91 77 79 78 95 157 169 186 183 183
224 210 210 212 214 211 214 214 217 221 201 119 83 88 84 87 89 82 80 147 167 124 130 135 102 84 135 122 91 185 198 206 205 201 204 201 205 205 214 213 214 219 179 159 138 144 162 48 143 159 158 158 158 158 158 161 163 158 163 168 165 169 165 163 158 160 158 179 213 205 203 203 196 185 178 182 188 172 180 183 174 195 141 82 127 179 179 114 150 164 127 113 101 53 50 45 66 130 156 115 37 35 36 33 17 64 122 113 153 151 160 167 184 208 197 166 126 115 99 88 78 75 89 153 157 197 189 187
223 211 210 209 212 216 210 219 201 194 108 84 91 86 91 87 90 99 154 173 128 114 134 137 102 82 122 122 207 205 204 199 198 203 196 196 210 209 218 215 216 180 151 134 146 128 137 45 146 161 156 154 158 159 166 167 163 163 162 164 166 161 165 161 165 158 153 214 205 204 204 192 186 187 177 179 184 185 170 166 182 174 187 94 73 147 191 156 75 154 170 155 147 96 69 116 153 137 96 41 31 35 30 37 97 101 79 99 154 169 172 200 184 208 187 156 116 109 91 82 71 70 88 100 103 98 129 171
224 217 213 215 212 208 211 205 117 88 92 88 93 92 88 94 113 168 162 127 89 100 140 136 98 80 152 203 196 200 196 205 205 204 211 206 216 213 220 210 177 139 142 143 133 143 99 50 140 161 162 164 169 166 166 166 166 168 162 163 166 164 163 163 163 161 178 210 206 208 192 194 184 182 173 172 188 180 183 179 161 186 174 192 100 43 172 156 178 96 128 149 166 167 157 132 117 66 31 32 25 17 43 142 100 53 118 123 196 189 198 199 188 204 187 153 116 115 88 72 71 64 76 111 57 101 117 139
221 199 214 206 203 210 210 209 103 94 91 93 92 89 115 121 103 122 132 135 90 102 138 116 105 169 215 199 216 199 218 199 204 204 200 211 217 217 203 179 142 139 140 140 146 146 61 49 151 171 164 170 167 169 164 167 161 168 161 165 159 165 164 163 164 164 218 212 204 201 195 187 181 182 169 181 186 187 169 178 187 155 174 185 186 143 107 167 173 107 116 134 130 129 150 143 78 33 25 37 68 121 148 76 33 131 124 120 187 201 205 190 192 198 178 145 112 110 99 71 68 64 79 101 80 139 153 142
181 141 201 208 207 209 209 210 106 93 96 90 94 125 125 102 104 129 131 114 95 94 119 128 195 215 201 211 193 201 187 202 200 214 217 215 218 208 166 149 155 142 145 143 143 122 25 53 151 170 165 168 166 162 162 163 163 162 163 164 164 163 164 164 163 170 207 211 199 199 191 189 178 183 166 179 181 187 185 177 179 175 159 154 177 189 150 138 125 131 161 165 141 139 146 105 29 40 109 143 136 135 64 31 117 158 71 74 182 200 205 180 194 198 175 144 122 122 126 66 64 61 70 115 123 148 139 127
185 183 193 214 206 210 216 212 106 90 90 110 124 112 107 105 115 132 110 130 88 88 152 208 205 201 203 201 205 209 216 212 225 213 219 220 209 151 150 156 145 135 140 139 126 101 37 52 148 170 161 164 160 162 162 165 162 162 165 163 164 165 161 164 160 169 185 173 205 196 187 184 177 185 168 178 179 185 193 173 175 168 158 154 145 153 172 177 125 125 110 153 161 164 163 129 78 149 118 98 81 55 26 104 171 92 46 85 163 186 204 174 195 195 166 156 147 136 143 57 60 58 79 111 129 144 140 138
153 165 182 196 194 195 201 206 106 89 119 140 127 128 118 133 147 122 138 118 102 140 205 208 207 201 198 204 210 215 217 223 214 226 222 193 150 146 147 120 141 141 143 133 146 65 35 56 150 169 163 165 162 160 164 165 160 159 164 164 167 160 163 157 165 178 176 169 199 194 188 176 186 177 168 177 172 186 159 190 191 159 134 123 118 125 146 173 180 132 65 108 124 122 119 99 81 70 54 38 27 73 147 150 86 41 91 52 137 172 189 166 182 183 161 162 160 137 157 92 55 59 81 114 134 138 140 135
151 173 193 195 199 194 191 196 120 179 169 138 144 126 155 168 178 111 111 123 170 207 204 207 207 199 214 222 207 226 213 219 220 218 202 136 138 138 139 155 133 136 137 132 142 64 35 52 152 167 159 163 160 164 161 154 160 160 157 158 162 164 160 159 169 185 186 186 173 193 197 189 182 175 175 177 169 180 184 162 147 143 139 143 143 146 132 125 137 164 156 93 54 87 88 64 44 41 60 99 166 161 121 68 62 80 70 55 93 149 167 160 161 165 164 161 166 162 168 179 73 50 68 109 137 147 144 138
189 205 198 197 202 195 197 205 146 145 148 108 133 144 134 116 96 113 137 200 212 205 204 205 212 219 218 211 218 219 220 218 228 184 129 131 132 141 143 136 145 132 142 139 152 28 38 52 150 162 160 161 163 156 154 162 161 159 157 159 158 157 158 159 181 183 189 189 182 161 162 201 194 183 190 173 172 169 182 179 172 147 142 144 138 131 107 105 88 76 98 136 161 141 139 117 146 173 174 151 120 87 78 79 67 69 69 81 72 71 144 152 146 143 154 186 183 173 167 175 186 87 58 119 146 146 143 138
213 212 218 214 218 232 193 157 161 145 103 153 144 134 110 85 123 160 223 219 217 218 219 213 217 211 218 226 221 216 214 211 181 150 131 133 131 128 141 138 142 131 137 134 139 25 38 54 151 170 164 162 158 160 160 155 154 161 154 161 159 155 155 168 175 187 189 190 183 170 156 114 163 209 192 194 160 196 165 185 193 179 178 170 166 163 163 164 163 169 175 170 171 177 172 159 147 123 95 86 78 77 67 64 72 75 71 62 56 59 62 164 140 150 165 193 184 180 167 156 157 162 64 114 138 146 140 146
219 209 216 219 216 170 140 163 147 116 161 142 129 108 118 196 201 224 227 219 222 218 217 222 221 221 213 222 212 222 219 187 119 141 132 131 115 124 139 153 143 131 139 139 115 35 37 50 153 166 156 161 159 158 151 155 154 151 157 155 152 152 157 173 186 189 192 187 182 168 155 149 94 113 193 206 195 185 186 182 179 182 177 187 186 183 180 177 175 174 166 152 154 137 119 113 93 84 79 72 66 75 78 75 75 56 63 76 70 73 31 75 144 162 174 176 187 181 168 157 147 155 141 95 159 148 130 109
221 218 217 213 201 177 156 118 145 154 158 141 96 156 215 208 226 219 223 223 219 222 217 212 221 211 228 210 221 219 169 128 116 143 118 127 125 124 135 143 135 131 142 138 110 34 37 50 145 164 159 158 157 154 158 154 150 152 153 151 149 153 161 179 182 191 191 183 180 171 148 145 143 94 54 91 169 195 182 186 180 180 167 165 157 156 157 155 154 149 139 130 125 113 104 102 85 90 96 88 92 89 74 63 64 72 84 76 57 60 50 58 86 150 175 168 179 180 167 159 149 137 158 148 107 130 155 161
217 228 202 192 162 150 108 147 170 171 136 100 178 213 223 214 220 223 214 224 215 218 221 218 217 223 215 220 214 159 127 135 116 127 126 130 120 109 127 147 149 125 133 141 68 34 39 50 145 160 156 153 146 154 152 153 151 149 150 150 149 149 165 179 190 188 185 179 174 162 146 138 132 129 92 56 44 77 145 168 165 154 150 149 159 151 148 147 138 128 121 118 115 110 107 100 95 99 93 95 71 69 74 77 90 84 61 58 66 79 114 78 70 97 161 165 173 180 171 162 152 142 138 160 189 136 160 154
224 202 179 158 133 116 163 159 166 124 100 201 222 216 223 220 216 224 219 220 225 215 225 218 219 214 219 209 172 126 111 125 115 137 137 108 125 118 140 129 134 120 133 158 34 38 36 50 143 156 152 147 150 152 150 147 146 146 148 145 146 151 169 182 185 187 178 178 167 157 144 135 123 118 115 79 54 44 32 50 99 163 172 161 148 139 133 131 122 122 113 119 118 115 108 98 94 93 90 60 73 87 88 95 79 60 63 84 101 110 130 108 69 74 120 158 170 178 176 165 151 147 138 134 163 152 152 159
170 153 159 123 131 161 142 131 99 131 210 208 223 220 213 223 216 218 222 214 226 203 226 215 223 225 215 164 114 119 124 126 114 123 124 120 123 112 122 148 135 132 129 120 29 35 39 49 140 160 152 154 149 152 153 140 148 151 145 150 151 151 172 181 181 180 176 165 159 151 133 125 112 109 102 102 71 50 51 41 39 33 66 125 141 144 126 123 125 110 109 124 121 118 102 92 89 91 94 74 94 104 90 71 69 80 95 109 114 122 116 141 77 75 72 139 157 172 182 170 162 153 142 138 139 170 160 139
174 137 121 125 164 166 138 93 165 195 227 216 216 226 214 223 219 220 224 217 220 210 225 220 211 208 160 123 133 127 128 114 100 131 149 114 105 109 132 133 137 112 143 74 34 38 35 51 138 158 159 157 151 153 154 151 148 147 150 152 153 150 172 179 184 178 172 159 150 144 130 113 108 101 95 90 91 56 56 43 45 48 38 28 37 66 96 121 129 116 116 127 118 117 101 96 96 103 107 98 99 98 66 74 98 115 120 125 124 121 120 124 131 70 71 85 152 167 175 175 164 154 145 142 139 142 172 155
156 130 163 177 187 129 82 177 216 222 213 227 216 221 217 222 228 214 224 216 220 225 217 226 211 132 142 121 123 121 122 117 115 120 130 120 111 121 112 133 130 133 128 33 36 38 36 48 143 161 156 158 154 155 152 150 148 152 149 147 147 157 173 177 181 175 170 166 151 142 122 105 97 92 89 87 79 62 71 51 41 49 42 40 38 37 36 37 44 79 130 136 119 115 109 106 103 108 88 93 97 77 88 116 121 130 124 126 122 119 117 120 122 120 73 72 126 160 169 173 166 157 147 145 141 137 139 170
157 163 164 147 80 93 207 225 210 232 213 220 225 213 230 211 227 221 215 228 219 230 214 194 160 123 113 115 119 129 129 116 93 127 128 121 116 98 124 131 138 88 130 23 39 38 35 46 143 163 157 155 155 158 151 152 149 152 151 157 143 158 169 175 175 170 166 162 145 133 115 94 87 81 76 75 66 58 73 67 43 48 50 41 37 38 41 47 33 34 32 66 108 139 122 119 108 106 90 104 102 102 116 122 128 128 121 121 118 114 110 110 120 121 114 68 105 148 164 169 169 160 148 145 144 141 133 142
122 88 67 76 139 235 213 226 222 218 227 212 227 213 228 226 215 227 219 224 218 224 185 168 108 114 119 126 117 121 111 105 97 127 120 117 112 116 123 120 116 129 70 34 36 35 36 46 144 163 157 159 155 156 155 154 157 152 152 154 144 158 172 170 174 169 158 153 140 127 109 83 71 66 69 62 57 52 65 70 50 46 51 48 37 37 38 45 40 31 38 69 85 85 81 46 50 85 91 120 112 124 144 139 149 145 139 125 123 126 108 111 124 110 120 114 91 146 152 164 168 163 157 151 146 137 136 138
65 101 168 235 224 223 229 214 228 212 214 224 220 230 207 226 215 225 219 221 229 184 127 115 119 129 114 119 107 127 114 123 96 121 109 116 106 95 112 128 127 111 56 32 35 36 37 45 143 162 165 157 161 157 160 157 155 157 152 160 136 156 167 171 176 167 163 148 137 115 89 65 57 49 49 48 46 46 53 72 55 50 61 56 38 34 36 39 44 31 31 76 84 81 73 30 27 34 78 53 88 129 119 166 127 97 102 141 146 142 124 158 158 160 157 149 115 105 141 155 166 168 164 155 148 143 139 137
208 238 234 212 230 211 224 221 219 227 209 228 209 221 221 220 226 214 228 211 186 123 115 121 129 112 107 121 126 109 119 115 83 119 128 97 100 106 122 125 104 118 22 36 36 36 35 43 146 159 159 160 162 161 163 156 158 158 161 155 134 157 170 172 174 173 163 149 131 104 73 49 37 39 37 34 40 42 47 67 60 49 59 67 49 34 34 38 44 40 27 89 118 118 79 26 28 48 78 66 149 160 118 98 148 146 126 172 154 146 151 155 146 148 151 168 178 155 138 144 158 170 163 161 154 149 140 137
230 205 227 215 218 228 211 232 211 230 220 217 228 215 231 203 230 212 214 187 128 106 134 113 99 122 121 118 112 124 97 116 105 108 117 124 103 102 88 127 121 89 30 35 35 36 36 42 138 170 160 149 160 162 160 161 160 158 157 151 133 158 168 171 175 168 163 148 127 99 66 45 35 43 36 36 39 40 45 58 66 48 55 67 60 44 35 36 41 42 49 163 145 131 74 25 29 64 63 91 69 71 148 169 163 137 143 164 157 140 126 145 141 159 134 154 173 178 133 124 149 162 160 163 162 154 147 138
226 229 215 229 212 232 220 220 231 209 229 207 225 211 219 227 209 224 180 89 123 130 94 115 125 120 91 111 116 122 123 114 88 131 110 110 102 87 120 108 117 63 33 35 37 33 36 42 137 160 161 162 162 160 159 156 156 152 154 138 134 155 168 177 173 169 160 148 124 95 62 40 51 46 37 32 38 38 46 55 65 51 53 67 62 50 42 33 37 42 118 172 171 152 49 27 23 55 75 69 116 192 183 162 138 130 155 142 133 129 146 146 155 149 158 171 182 135 32 49 150 152 160 162 164 160 149 141
182 222 214 194 255 173 249 209 226 227 228 222 209 235 198 228 212 186 77 135 116 88 121 126 103 102 112 118 109 117 103 116 91 108 114 110 108 119 84 108 114 64 31 33 36 36 33 45 147 170 162 160 154 154 151 149 155 146 158 123 141 158 176 178 177 166 157 138 116 91 55 38 59 54 36 35 35 43 49 49 62 54 58 61 63 51 45 42 35 33 154 166 169 136 26 28 43 88 137 124 166 152 161 159 148 153 170 147 143 141 143 134 149 154 173 151 42 21 39 34 112 152 157 163 163 159 151 143
172 166 111 248 70 255 132 196 208 166 210 200 208 208 246 172 189 79 162 106 104 123 112 100 102 122 116 97 111 106 117 104 107 102 114 117 93 87 106 118 112 73 30 33 34 34 34 45 141 160 154 151 153 150 145 153 146 142 133 120 144 159 176 180 175 163 144 128 105 80 48 79 40 57 37 35 34 40 51 47 52 58 58 59 59 50 45 42 43 42 173 170 151 117 28 26 58 114 129 112 164 196 166 172 153 162 156 135 121 119 131 117 122 155 94 22 35 39 41 42 40 147 152 156 159 158 156 148
141 91 232 34 227 108 123 188 83 201 141 149 156 182 111 248 88 124 82 134 128 104 87 118 117 96 107 109 125 122 102 116 69 130 124 110 86 108 97 108 113 90 30 33 33 34 33 44 128 152 146 146 147 142 146 142 140 141 114 120 143 164 177 179 175 159 139 118 85 62 22 119 32 51 40 34 40 38 43 49 45 50 56 59 54 53 43 41 43 58 178 173 142 98 23 26 59 118 112 108 160 168 180 162 146 169 158 138 120 120 126 79 77 41 29 39 39 37 31 27 31 92 150 154 159 161 162 151
99 228 37 222 109 127 181 95 169 148 126 146 157 76 231 177 152 104 109 100 104 112 123 98 104 107 124 105 117 99 100 100 111 103 113 107 108 74 102 110 136 85 31 33 34 34 32 41 133 156 150 144 142 142 146 140 143 148 92 114 145 172 179 175 167 149 127 130 174 141 189 168 105 75 32 27 43 43 45 43 42 49 52 48 52 48 42 40 35 95 174 159 146 64 25 26 64 111 109 131 141 192 171 166 143 163 131 117 115 103 47 27 33 41 36 39 28 43 96 152 129 144 137 151 156 158 158 153
207 45 212 117 128 176 108 156 153 119 152 145 74 244 137 219 155 153 104 54 126 120 88 106 121 117 102 101 108 118 105 108 71 110 112 122 76 98 100 92 151 88 29 31 34 33 36 41 133 148 150 149 155 153 156 146 152 146 79 110 159 172 177 172 161 157 207 181 224 180 177 201 149 190 130 91 21 44 48 48 40 44 47 61 58 54 49 46 37 125 168 153 139 39 30 25 68 102 109 158 131 162 183 152 150 151 127 119 78 41 30 36 37 43 38 23 104 160 131 191 124 151 134 143 157 155 160 151
78 196 119 126 180 112 147 170 121 157 131 71 241 97 222 124 255 155 101 107 70 115 113 106 101 98 103 120 118 106 84 85 84 102 94 95 102 89 81 100 174 68 31 32 32 33 33 42 146 156 154 151 151 156 155 154 156 117 91 147 172 174 177 159 190 168 220 177 186 211 189 164 159 177 141 112 125 24 48 50 48 41 41 51 54 54 49 46 35 159 161 142 106 33 30 25 82 101 116 161 83 195 150 170 172 155 101 30 30 34 34 34 35 39 38 104 181 148 138 171 97 176 125 134 155 154 152 147
153 152 109 170 143 106 196 95 174 128 52 241 68 221 177 217 179 130 151 84 83 104 118 84 99 113 108 105 93 104 97 108 73 105 108 107 71 90 106 96 171 87 31 32 32 34 32 41 139 167 165 161 161 158 163 159 167 97 102 157 176 175 168 182 179 199 174 205 201 177 170 180 136 95 164 128 120 99 32 53 49 47 42 40 47 57 48 46 33 170 173 143 92 29 32 26 70 103 120 137 76 159 185 166 184 80 22 34 33 35 33 35 34 30 90 191 105 153 114 160 154 142 103 153 148 153 152 146
174 96 166 147 85 208 79 189 125 62 227 78 228 197 171 179 156 225 158 93 108 49 123 112 110 108 75 113 103 102 92 90 76 102 98 90 102 93 73 145 170 81 30 29 34 34 33 42 143 163 157 159 165 164 156 160 146 92 111 161 180 169 178 183 173 208 198 175 180 196 196 162 173 147 128 138 102 107 98 28 52 52 46 39 44 48 47 40 63 175 152 129 68 28 32 29 79 112 115 139 63 139 163 119 40 26 35 33 34 34 34 34 30 65 153 184 101 153 136 152 117 133 171 120 141 153 146 142
90 174 145 72 231 56 212 146 52 221 73 228 183 132 196 184 163 14 85 138 67 100 88 113 105 110 121 104 79 81 68 83 99 96 102 116 68 79 104 135 174 80 31 29 33 31 33 43 150 163 166 163 163 162 166 170 109 106 109 152 176 180 176 179 208 175 185 192 196 177 172 178 170 167 142 138 142 90 107 99 29 53 50 41 43 44 44 43 89 157 135 129 49 30 30 33 79 108 101 141 73 118 58 57 29 33 33 34 33 33 32 34 28 139 176 113 161 112 172 99 176 150 116 141 143 147 144 134
172 153 84 227 52 211 161 52 213 60 219 168 114 227 166 200 8 23 101 107 108 102 51 115 119 120 91 105 87 90 77 73 66 93 106 81 98 87 74 177 177 71 29 31 31 33 32 43 164 169 168 165 167 166 167 154 90 105 121 143 181 166 181 187 184 188 187 185 172 176 176 179 172 155 165 139 131 133 102 89 85 34 47 47 44 40 52 40 123 157 117 105 39 32 28 66 85 92 101 146 64 107 44 21 32 33 33 33 32 32 35 30 82 169 133 170 100 195 133 191 115 159 172 117 103 152 139 127
163 71 244 48 195 179 54 179 77 194 162 116 242 143 219 0 36 43 99 138 91 78 107 70 103 113 106 109 98 81 86 77 67 94 90 101 86 61 101 176 184 90 28 31 31 33 32 42 156 169 171 174 173 170 181 120 96 107 123 129 162 164 182 176 197 180 173 176 183 192 180 170 164 175 156 152 138 121 124 105 95 69 43 46 47 48 43 42 127 143 133 90 37 33 28 68 82 83 112 146 68 100 16 31 31 31 31 32 33 32 34 22 151 143 152 130 177 160 168 150 179 147 119 142 138 110 137 125
92 223 74 178 172 75 152 85 169 163 131 226 107 193 62 29 36 31 37 151 87 103 78 55 105 107 116 88 65 78 85 86 95 83 109 89 71 88 83 189 186 93 31 29 32 31 32 46 157 177 169 175 176 176 186 80 102 112 131 132 164 161 169 194 161 178 191 179 168 173 168 170 186 172 167 157 148 145 123 111 100 94 41 45 46 46 49 34 152 129 137 72 33 34 25 76 76 86 115 128 72 48 26 30 31 33 33 31 31 33 28 89 154 153 168 153 181 161 172 149 139 173 160 121 99 103 129 123
180 111 155 161 123 138 89 133 179 125 186 118 186 140 20 31 37 35 20 134 101 83 71 118 68 98 111 87 84 84 81 87 76 96 87 92 83 67 108 100 113 65 30 30 31 31 30 43 159 176 174 176 176 185 134 88 100 117 129 133 154 162 177 169 175 184 176 164 165 167 180 175 165 163 153 161 157 137 129 136 107 119 112 46 43 45 50 56 159 138 117 72 33 32 26 80 72 85 108 117 60 21 30 30 34 33 31 30 34 36 27 152 168 123 165 175 161 169 137 171 155 131 136 146 127 81 83 119
151 125 174 129 126 104 93 210 112 159 154 123 195 24 33 35 37 35 26 69 108 97 109 65 95 105 94 93 68 65 79 88 91 87 82 83 61 96 28 33 44 39 30 30 31 32 30 42 147 166 166 168 170 191 90 93 104 122 126 124 154 156 160 164 180 166 159 170 172 174 171 169 156 155 149 128 78 112 108 112 123 101 105 67 40 46 40 86 137 134 102 56 34 30 44 86 80 80 99 126 55 27 32 29 32 32 30 33 35 29 87 157 151 160 175 172 155 172 152 135 153 156 135 116 102 108 66 80
101 186 120 146 131 49 233 92 163 178 102 180 61 30 42 45 38 37 28 31 123 104 73 89 95 72 92 78 71 83 78 79 66 73 77 68 77 55 40 26 28 29 31 31 30 31 30 44 151 169 161 173 170 162 74 97 108 122 123 110 151 154 144 164 172 155 171 175 159 159 151 165 164 162 157 116 131 80 67 55 114 103 98 51 36 42 39 95 134 149 100 59 31 28 58 82 79 82 88 129 46 24 39 32 30 30 30 32 35 25 152 152 138 183 163 156 182 128 171 158 132 127 140 129 113 63 80 51
207 96 155 178 23 231 62 170 201 62 190 70 30 45 56 49 38 38 32 23 133 83 103 96 61 83 92 83 79 58 53 67 71 75 73 84 72 88 20 26 28 29 31 30 31 29 31 39 154 167 167 170 172 130 81 100 115 118 119 87 139 139 141 159 160 162 167 151 156 157 169 164 161 149 139 132 129 112 106 65 50 87 97 57 27 37 34 114 136 143 88 38 35 27 64 84 78 72 85 122 38 26 32 32 29 31 31 33 29 80 170 119 167 136 166 167 144 173 135 151 162 139 113 95 116 93 54 60
103 145 201 14 190 59 170 194 58 232 50 36 53 48 54 47 38 37 27 26 45 113 86 71 92 84 70 75 67 64 81 70 69 68 75 56 88 56 23 28 29 28 32 30 30 29 28 41 151 172 163 167 174 102 87 103 109 114 110 84 138 134 141 154 154 163 158 154 160 162 162 149 153 146 137 141 121 116 106 113 83 33 94 59 28 29 25 115 157 134 91 39 32 28 59 81 70 67 95 107 35 27 29 31 29 28 32 30 20 162 139 128 159 129 175 149 149 151 177 146 120 127 132 136 75 87 62 53
135 206 34 159 68 163 160 78 234 47 45 52 50 47 52 52 39 42 25 29 21 87 87 109 89 57 77 75 73 78 57 77 75 69 65 76 48 70 28 28 28 28 30 29 22 30 28 40 148 169 162 166 184 78 93 105 104 110 104 91 103 128 138 142 153 160 145 167 165 155 145 150 152 149 143 131 101 102 103 106 121 84 45 56 29 31 23 89 96 101 68 38 35 25 85 73 61 73 101 93 37 27 27 28 31 29 31 26 79 171 118 138 133 161 94 162 167 149 139 158 152 130 98 98 121 72 63 49
184 62 138 77 129 163 84 173 99 29 57 55 52 48 55 54 38 42 53 33 17 69 96 77 74 84 74 59 75 68 58 74 60 76 67 49 85 32 29 27 31 29 30 31 29 29 29 39 151 171 168 165 172 64 100 108 101 103 94 103 95 131 135 134 143 141 154 161 147 149 162 162 156 149 126 119 127 123 78 92 86 121 99 62 27 28 26 97 80 93 48 40 33 24 86 69 71 76 98 91 32 24 27 31 29 30 29 23 150 150 154 118 175 65 189 168 119 178 164 132 119 124 135 109 67 96 49 51
94 140 89 70 173 67 122 152 136 35 53 55 53 54 60 50 38 57 188 168 167 128 73 74 94 62 55 68 68 70 67 56 71 62 47 77 74 18 27 28 28 30 29 28 30 29 27 42 158 174 167 171 154 70 102 117 92 91 91 74 90 113 133 119 139 130 154 146 155 156 159 147 147 145 125 119 129 120 127 96 93 69 104 97 26 24 39 86 81 94 57 32 35 30 92 73 74 79 89 92 30 26 28 30 29 32 32 18 173 132 130 146 99 160 157 138 171 129 148 153 144 103 92 115 99 60 61 45
97 133 37 198 37 141 146 156 144 31 57 58 51 54 53 53 39 44 167 146 159 152 64 89 58 69 75 67 66 68 52 73 60 57 78 45 100 49 36 26 18 21 32 29 29 30 27 38 149 175 172 171 144 74 102 116 105 70 83 70 95 94 107 103 130 124 138 144 156 148 137 144 147 153 136 131 113 96 98 125 120 113 88 90 88 22 25 72 85 91 49 35 30 40 86 70 81 78 80 93 28 26 27 29 28 28 28 52 166 138 138 108 144 163 149 135 135 183 147 121 129 121 120 82 88 65 61 37
166 20 181 34 149 133 162 154 153 34 53 56 49 56 52 54 40 41 138 121 131 135 107 43 83 71 62 57 61 68 74 58 61 61 65 80 144 182 179 163 167 94 23 28 28 27 27 40 152 172 176 171 123 75 107 118 107 71 62 69 78 106 96 83 122 117 136 135 147 140 138 147 159 152 142 123 120 110 113 83 77 120 117 109 102 65 23 52 95 83 49 35 29 56 76 77 78 82 77 91 22 27 27 29 30 34 29 126 144 170 74 168 141 139 137 153 170 129 155 169 133 78 95 103 63 67 57 36
36 161 52 101 134 168 161 155 162 35 51 56 48 54 51 51 42 36 133 130 127 129 122 76 68 57 79 70 72 65 54 61 58 50 80 56 157 149 152 156 167 98 26 27 28 30 27 40 141 160 155 159 115 75 104 112 109 67 53 60 50 83 113 77 122 110 136 138 137 134 139 144 146 147 139 123 118 121 118 105 105 70 92 124 110 104 36 46 105 76 39 33 29 74 69 79 83 66 77 77 22 26 27 28 34 31 26 170 149 97 155 148 150 123 162 136 161 167 143 134 115 110 80 81 73 62 48 37
127 84 97 153 161 157 160 159 159 32 52 57 48 53 51 50 41 34 133 129 131 129 126 127 48 75 58 62 57 60 64 59 64 74 70 68 138 133 134 133 145 87 25 28 26 27 26 37 122 146 143 149 119 63 97 115 107 85 57 44 52 64 84 45 116 109 127 139 123 138 136 132 140 147 150 135 122 122 114 116 115 103 104 60 113 105 103 42 85 72 43 34 28 70 77 75 74 71 86 67 23 26 28 27 30 24 99 153 116 151 143 133 135 168 138 184 148 139 177 158 83 72 99 59 87 56 52 34
95 67 168 151 156 153 156 154 163 35 49 57 50 59 48 51 42 32 132 116 128 126 137 135 89 52 68 71 67 64 56 53 63 46 56 110 123 124 128 128 139 87 26 27 26 29 28 34 125 136 148 150 131 58 91 111 105 100 83 57 43 49 68 46 89 113 123 145 125 135 132 137 137 146 155 142 124 109 98 121 123 113 116 113 80 96 103 99 81 73 39 32 27 75 83 77 70 71 86 63 20 27 27 28 31 22 143 141 157 169 102 157 165 148 178 130 165 173 144 125 96 80 78 77 77 57 42 38
50 156 147 163 152 156 148 151 148 37 50 53 48 56 49 53 42 32 115 123 119 126 124 133 130 60 71 63 58 57 61 61 51 71 75 98 127 125 125 134 136 89 24 28 25 28 26 37 122 148 148 155 135 49 84 102 107 105 103 85 53 36 65 69 92 91 120 142 120 135 128 139 136 142 149 158 122 104 131 106 87 117 127 120 114 108 105 96 88 66 35 34 27 82 77 69 72 79 84 56 22 27 27 31 27 52 151 141 184 68 171 147 166 159 123 182 145 164 166 113 55 93 71 77 73 55 34 37
109 156 155 164 158 150 142 123 131 40 46 53 46 55 49 54 40 33 122 122 122 122 120 120 128 109 60 68 65 61 61 55 64 73 26 125 128 125 128 132 132 89 25 25 25 28 26 35 127 151 141 145 149 42 79 97 104 102 102 98 75 49 47 67 76 133 105 143 118 133 126 135 139 143 133 133 144 143 109 94 121 113 81 113 123 116 114 112 91 60 36 34 31 80 83 70 66 85 79 53 23 27 27 29 25 84 153 175 93 162 156 169 154 121 187 128 177 154 127 106 68 85 71 71 77 42 39 38
153 165 156 136 123 116 105 120 129 40 45 50 43 53 49 49 42 31 119 118 124 124 120 126 125 130 90 64 59 61 48 58 51 64 76 139 124 127 136 121 137 86 23 27 25 27 24 34 132 147 147 145 151 34 70 90 98 101 104 98 78 65 38 59 77 86 127 124 123 138 128 131 144 139 136 140 138 138 138 117 105 91 114 107 95 108 113 116 104 75 31 32 33 86 78 68 71 83 78 46 24 27 27 29 19 130 158 135 125 178 177 142 135 172 136 169 139 173 152 54 70 77 74 68 68 43 38 36
123 121 122 116 122 117 125 120 135 47 51 49 44 52 48 51 44 29 119 125 124 121 121 120 124 118 124 80 71 60 59 62 46 75 78 130 133 128 133 135 136 97 22 27 26 26 24 30 122 149 145 155 143 37 62 83 94 102 104 102 88 77 58 42 63 74 100 118 121 134 132 124 136 146 143 132 131 133 143 144 113 118 115 89 116 105 108 110 116 110 44 32 35 93 72 66 75 73 78 40 25 26 28 29 27 176 116 159 170 160 147 150 160 142 174 149 177 130 116 76 74 76 63 76 58 35 39 34
112 115 120 119 117 117 118 123 136 49 48 45 47 54 50 48 41 32 110 127 125 125 118 124 129 130 123 124 57 70 58 40 73 21 140 125 124 129 135 132 138 94 21 29 23 29 25 31 127 149 149 143 131 38 56 72 86 99 108 104 95 83 69 51 31 82 92 97 104 116 134 123 137 133 143 143 133 132 122 137 144 136 95 120 101 89 116 105 113 105 87 22 41 82 75 71 78 69 79 36 23 28 28 20 101 149 177 164 177 136 169 146 155 158 169 144 166 159 90 53 71 75 56 69 41 40 33 39
114 117 118 119 115 115 113 116 133 53 49 43 48 49 50 47 41 30 107 124 124 122 125 127 124 123 123 124 100 55 57 53 49 81 127 130 141 128 130 135 136 95 20 26 26 26 26 30 116 141 136 142 107 52 52 69 84 93 108 105 100 91 81 64 37 59 87 92 92 117 136 121 137 131 134 142 146 129 128 124 130 132 145 122 87 120 93 112 103 110 112 49 40 97 60 68 78 67 81 26 27 29 27 31 170 171 166 162 150 169 136 161 156 174 146 180 134 119 94 64 65 79 58 58 36 37 36 53
117 119 114 109 114 112 112 112 120 58 46 46 48 49 47 48 40 29 99 123 114 119 118 118 122 125 122 121 129 85 66 67 59 69 136 136 126 134 133 132 143 98 21 25 26 26 27 29 119 141 137 150 98 52 51 65 77 90 104 105 104 99 91 79 60 29 72 98 79 94 127 120 140 132 138 141 146 148 129 125 112 122 120 130 152 111 103 105 103 105 108 101 50 79 71 83 69 73 75 30 27 28 21 109 177 171 147 155 164 146 172 141 171 159 152 163 168 126 42 69 68 74 59 36 38 37 37 55
104 108 108 112 101 109 103 105 109 54 47 47 47 52 47 45 43 29 100 126 116 114 120 116 117 121 118 125 120 129 74 61 69 129 131 129 135 136 134 127 139 99 19 26 23 26 24 27 118 147 138 145 96 58 54 58 74 87 100 102 102 104 97 89 80 57 25 84 99 92 99 118 120 141 134 137 147 151 150 130 123 116 115 118 111 121 134 112 111 92 109 110 100 66 79 79 61 85 64 21 29 27 30 179 172 155 152 154 149 167 122 169 155 160 182 140 124 109 65 64 71 65 52 35 36 33 44 81
101 105 102 102 107 91 106 100 114 58 46 44 45 49 49 49 38 29 101 111 114 118 118 116 123 121 123 116 122 127 115 65 36 72 126 132 128 130 131 129 141 101 20 27 24 25 25 30 119 140 141 148 107 55 55 58 69 84 96 101 106 104 100 95 87 71 52 35 92 98 95 105 118 129 135 138 131 147 149 150 127 132 121 113 112 110 111 121 131 119 90 107 107 74 78 78 71 97 23 28 30 20 108 174 165 158 147 154 186 129 176 114 130 154 158 159 143 71 57 57 77 60 37 35 38 40 34 133
103 99 97 84 101 104 99 104 107 63 43 45 45 52 48 47 43 29 92 102 122 112 117 116 111 121 129 116 124 125 126 119 108 28 122 131 130 129 130 130 143 102 20 26 23 27 24 28 113 146 153 148 160 41 54 58 67 81 94 99 106 106 104 98 89 85 69 40 52 88 94 94 108 121 131 139 138 135 150 149 144 123 130 120 119 115 112 114 116 121 113 101 93 99 74 72 91 15 27 30 29 21 172 171 170 140 157 172 134 176 127 183 134 185 138 121 120 95 48 66 71 45 35 37 37 42 30 172
104 100 94 97 95 87 102 101 115 68 41 47 42 49 47 49 40 29 87 118 111 117 106 120 122 120 125 117 122 121 114 125 126 100 74 126 132 127 132 137 135 110 17 26 25 26 24 28 126 152 140 138 156 77 49 61 62 77 93 101 103 108 107 106 97 88 81 65 25 65 99 107 82 116 128 126 137 128 141 148 142 133 125 126 117 122 115 112 121 114 120 113 97 95 86 50 17 28 31 29 23 91 183 167 143 169 162 159 171 152 179 167 148 155 154 143 112 58 48 64 60 35 35 41 40 43 52 187
94 95 100 99 100 102 101 100 110 70 41 46 44 46 46 47 45 29 79 122 114 110 120 114 115 110 115 122 123 120 117 121 128 133 115 127 125 131 129 133 137 102 19 24 25 27 25 25 119 141 137 139 146 152 38 57 63 73 85 96 104 106 114 109 105 96 91 82 57 25 76 112 118 94 115 125 128 135 128 148 140 130 126 129 122 112 119 113 113 124 127 131 115 108 100 50 21 30 29 31 15 181 173 151 163 152 159 158 148 166 163 158 175 139 134 120 117 65 49 71 45 37 37 40 42 28 111 172
89 89 92 93 93 98 102 99 96 63 44 44 47 48 47 49 45 29 81 110 107 111 108 111 114 118 116 115 126 117 125 114 121 125 125 131 124 125 130 138 137 99 18 27 23 26 25 28 114 145 138 140 144 158 96 43 67 69 84 90 100 112 114 115 112 106 93 86 78 40 42 77 112 107 98 116 124 133 123 139 146 129 126 114 117 111 111 112 107 111 113 116 129 128 98 110 31 25 32 21 100 179 163 164 151 155 148 166 156 156 173 151 159 161 140 121 67 60 53 67 32 36 38 33 41 32 131 171
84 94 95 91 93 88 89 83 104 74 38 43 45 51 48 46 44 28 70 110 111 106 107 116 116 111 116 117 120 117 119 117 117 121 130 126 126 126 126 135 141 106 17 23 25 27 23 27 119 138 143 143 142 149 168 41 54 72 83 87 99 113 111 118 119 117 109 90 81 59 26 49 83 100 97 92 123 123 124 133 146 132 121 116 110 107 103 103 98 85 91 97 109 119 119 92 113 45 20 24 173 172 168 147 164 143 180 142 170 171 159 171 151 139 120 111 92 40 64 45 33 36 39 41 34 47 139 168
90 89 89 86 87 89 89 88 88 69 38 44 44 49 45 46 45 28 61 105 98 108 98 97 103 106 112 108 107 114 118 111 119 116 114 128 120 129 122 126 139 100 15 25 24 24 24 24 121 146 144 130 148 151 147 144 32 65 76 86 100 106 113 117 118 119 112 107 99 81 41 23 57 83 81 77 99 124 119 117 150 135 122 112 104 108 106 97 90 93 80 89 90 107 140 85 93 105 58 95 176 172 160 169 142 168 138 172 168 166 159 154 155 144 128 95 73 41 56 32 35 37 34 39 38 51 139 163
86 88 88 93 89 87 86 87 91 77 36 44 44 50 48 44 46 27 59 101 98 98 106 96 101 102 101 104 105 115 110 118 114 116 122 113 127 126 121 124 132 108 14 24 25 23 24 24 114 144 144 142 138 135 143 152 96 47 69 84 90 104 111 116 116 123 127 119 112 101 63 34 24 51 84 72 71 100 105 110 136 151 111 121 105 105 104 99 91 95 97 149 164 158 166 111 85 86 83 179 170 158 174 130 187 121 176 171 127 138 178 143 140 125 117 112 63 40 42 36 36 37 37 36 45 54 130 161
91 89 88 82 86 85 91 81 93 65 33 46 42 47 44 43 45 28 62 94 93 100 93 91 97 95 104 101 104 97 111 106 111 113 114 116 125 117 129 125 121 97 16 23 25 24 23 25 123 139 139 139 131 136 140 140 152 50 61 79 92 101 108 117 115 128 129 128 124 114 95 48 29 21 52 70 73 82 91 116 125 140 124 107 107 104 103 110 113 99 140 168 173 149 154 120 83 81 126 169 170 170 146 182 121 175 170 166 160 157 156 156 140 126 92 84 66 37 42 32 37 37 36 38 46 61 140 154
86 80 81 94 82 89 84 89 86 79 35 45 42 47 46 44 46 28 50 98 89 91 92 99 95 88 96 99 108 95 99 106 107 103 106 107 110 112 118 130 119 112 10 25 23 24 23 22 103 135 127 139 132 137 137 130 127 156 38 69 87 98 107 114 123 125 130 129 122 124 123 96 52 25 26 44 64 99 84 93 105 131 121 116 104 104 109 113 114 109 139 161 160 171 164 107 58 55 172 162 171 136 179 133 173 153 165 159 161 175 147 134 126 123 121 79 56 36 39 36 33 36 34 41 45 63 128 159
71 88 91 82 82 82 80 80 85 83 33 45 42 50 48 39 47 28 46 99 84 86 94 100 103 102 109 102 104 104 106 103 104 108 100 103 106 114 107 117 119 111 21 21 23 22 23 21 104 125 132 120 128 131 127 129 136 152 110 47 77 91 102 110 115 127 124 121 127 128 124 116 98 39 31 24 41 74 125 107 82 125 122 111 102 101 107 118 117 124 158 154 172 165 129 69 43 112 173 173 138 196 130 169 159 171 169 160 153 155 161 147 130 101 81 89 49 34 37 37 32 34 36 40 45 57 150 160
65 68 89 88 85 82 80 83 85 75 35 43 43 47 47 41 46 27 47 85 92 91 93 99 106 113 112 116 116 118 113 119 109 111 110 112 98 102 98 98 109 82 16 24 20 21 22 21 114 131 125 118 126 123 121 126 139 140 175 59 61 82 93 108 114 121 121 129 125 127 125 117 105 101 32 24 28 44 77 92 90 117 136 111 105 97 103 116 117 120 157 168 172 145 105 68 38 178 171 138 199 123 183 158 160 169 154 172 171 142 126 127 131 119 76 64 51 34 34 34 32 35 37 39 45 72 163 149
57 60 60 67 74 78 84 84 74 78 35 43 41 52 45 43 47 26 46 102 85 94 104 103 110 106 110 115 114 114 109 118 113 117 119 112 113 110 107 99 93 81 12 21 26 21 21 21 95 120 109 116 114 118 118 135 142 152 149 166 51 68 82 95 104 114 121 127 125 127 122 126 118 104 101 29 27 26 41 73 40 48 144 115 92 99 97 116 122 121 156 162 148 150 97 33 100 172 157 162 139 167 150 164 165 163 164 146 160 164 149 126 102 84 94 62 48 39 30 32 36 36 37 38 50 108 149 140
57 62 58 55 57 62 64 64 73 79 37 45 43 49 46 38 44 29 41 95 89 88 94 95 97 103 105 107 110 107 108 112 111 110 105 114 116 111 97 100 106 83 14 20 19 20 20 17 98 113 115 118 109 109 111 128 142 140 149 148 150 43 64 87 96 108 114 120 129 124 126 124 130 119 110 91 26 30 26 39 48 56 135 120 105 95 96 120 121 134 166 140 180 132 52 25 160 171 142 176 140 166 169 158 175 152 179 175 143 133 133 128 129 100 52 79 32 37 30 33 32 35 37 40 36 154 135 142
57 54 56 56 57 54 49 50 50 53 43 44 42 49 47 42 45 27 37 93 83 84 89 97 101 105 102 102 101 112 103 110 111 112 106 107 102 106 99 106 104 63 42 35 30 25 27 49 103 109 100 97 114 108 124 139 134 142 138 147 159 124 39 70 84 100 112 117 127 125 125 124 129 129 120 116 92 21 29 29 44 47 131 120 109 89 97 116 135 151 152 170 155 89 42 83 175 165 159 150 168 164 167 160 170 164 163 159 156 136 127 113 100 88 82 49 44 28 32 32 34 35 36 40 110 153 145 149
52 55 50 56 55 56 54 52 51 51 48 43 41 51 45 40 45 30 29 61 73 76 80 87 94 102 105 110 105 108 105 98 98 97 101 93 88 101 99 96 88 31 38 38 42 43 41 78 111 98 96 106 106 105 125 137 143 133 145 139 148 150 122 38 74 89 105 118 124 123 129 127 128 132 129 123 115 95 25 26 34 48 98 125 117 97 91 111 137 156 159 151 156 91 12 146 163 173 128 174 162 164 168 165 166 172 166 143 139 132 126 122 97 72 76 47 41 28 32 33 33 35 38 45 154 148 146 143
83 68 54 43 50 52 56 51 51 59 46 42 42 51 47 38 45 29 29 55 51 53 55 59 67 71 82 76 86 89 93 95 99 105 104 100 93 95 91 97 71 51 47 48 53 44 37 86 98 97 97 100 96 115 135 138 129 134 143 139 143 142 157 121 45 75 97 114 118 121 124 130 131 133 128 129 123 111 91 22 26 33 59 122 115 104 97 108 143 154 162 161 158 38 40 164 177 117 188 149 168 168 155 180 155 151 168 163 149 131 109 86 99 93 50 41 32 31 30 33 33 34 29 127 152 142 146 144
152 153 150 141 123 108 90 74 62 47 52 40 47 44 46 42 38 27 30 49 52 55 62 61 64 63 58 63 64 56 60 63 72 70 76 82 98 97 106 116 63 51 59 55 43 39 56 99 91 83 92 90 102 119 130 127 138 135 134 139 137 132 122 132 117 49 81 99 110 120 124 130 127 128 131 126 125 118 112 79 17 29 29 109 116 104 102 110 139 160 162 181 108 43 83 168 153 167 154 162 170 169 158 175 175 160 146 144 128 130 126 106 79 75 44 47 26 31 31 34 33 29 89 161 143 148 142 139
135 141 143 151 154 149 153 152 157 164 55 39 43 44 49 40 93 60 28 44 42 44 49 62 63 62 58 59 63 60 58 62 56 73 65 78 74 77 72 59 55 52 64 39 46 45 80 96 91 96 96 93 98 124 126 126 129 126 126 132 127 121 127 121 137 128 51 80 99 112 124 125 125 126 127 129 121 121 115 110 70 16 28 70 117 104 90 125 148 166 149 155 129 25 122 177 145 171 153 150 158 158 179 150 155 163 157 151 135 114 86 98 108 53 51 37 31 29 30 32 27 77 153 139 137 138 148 137
99 107 110 108 118 130 138 146 146 166 49 45 41 40 46 43 42 35 26 70 53 47 49 60 61 59 66 55 57 52 64 69 76 73 77 82 71 74 59 55 59 50 46 45 40 41 83 88 82 88 88 89 111 124 122 117 118 126 123 118 120 113 121 120 126 108 90 53 86 105 115 124 126 123 128 125 125 122 123 120 116 85 18 50 89 106 92 117 160 152 148 168 95 37 167 154 165 147 160 162 166 138 162 168 151 141 138 137 132 131 101 78 78 50 50 30 28 30 30 28 50 146 141 143 138 131 134 129
105 105 102 103 100 96 93 100 99 120 35 51 42 45 43 42 41 33 27 56 60 71 70 77 83 87 97 94 90 78 82 75 70 80 68 76 77 76 60 57 59 47 43 35 37 53 73 80 83 79 87 105 120 110 115 110 116 115 108 121 112 117 123 117 115 85 90 86 60 90 107 118 125 128 119 124 128 121 123 124 123 117 124 86 92 89 91 112 159 146 151 170 76 66 167 152 154 112 111 132 182 177 151 144 150 152 153 131 122 98 96 96 66 42 45 27 27 30 26 47 93 89 127 128 136 128 128 129
105 108 104 100 106 104 107 103 100 100 35 53 40 44 43 44 43 34 29 31 42 45 56 66 79 79 89 93 98 101 108 112 104 102 97 93 89 75 62 52 50 39 34 29 39 60 71 73 75 71 89 103 117 103 108 115 111 109 118 119 124 127 115 120 88 84 80 78 81 60 93 112 116 133 119 117 119 132 125 125 121 129 142 143 140 147 142 137 124 152 163 146 92 112 162 149 41 15 19 18 32 99 187 157 134 132 123 136 140 103 76 80 58 53 33 26 30 23 49 80 68 95 95 126 129 127 132 122
103 103 103 100 102 98 102 102 104 109 42 43 42 44 44 45 38 34 28 23 36 51 65 74 80 79 87 93 86 88 89 93 90 95 92 101 102 79 46 49 38 32 28 23 34 60 73 69 62 76 102 122 115 106 107 115 110 115 114 107 114 114 116 118 103 80 78 92 58 20 61 100 121 110 122 113 109 119 122 127 124 123 135 152 156 155 156 152 125 132 128 153 100 160 74 4 28 37 41 42 45 37 32 82 177 156 119 107 111 98 109 59 40 58 28 26 27 65 58 64 69 67 90 104 128 121 123 123
98 100 97 105 103 102 107 106 104 110 37 47 42 41 43 45 40 32 28 29 31 34 49 75 82 88 82 84 83 81 88 88 76 84 77 85 87 67 42 40 35 28 23 34 41 69 70 70 78 88 114 116 124 116 114 106 113 113 114 116 115 107 109 120 111 89 74 76 24 25 24 60 114 112 111 120 113 117 116 122 130 123 137 153 156 161 156 150 144 109 142 130 71 47 133 153 152 163 145 114 59 34 42 31 38 98 138 163 124 82 66 59 53 43 21 28 58 60 68 56 62 79 83 85 121 126 124 113
105 104 105 101 101 104 100 99 96 103 47 47 46 35 44 44 42 35 31 28 31 36 44 48 69 90 89 88 80 86 81 83 78 81 84 80 83 48 36 34 32 24 26 31 50 67 70 67 69 110 110 113 116 115 117 110 110 108 105 112 113 110 114 102 112 93 90 36 24 27 27 19 75 114 111 121 114 111 125 131 131 125 138 154 160 157 161 149 139 100 142 165 135 111 145 161 163 165 165 166 167 112 40 36 34 19 83 117 99 116 44 56 64 29 20 21 52 65 63 64 59 64 81 85 107 120 130 114
99 106 108 106 106 105 104 103 103 108 48 47 43 35 48 40 45 35 27 26 30 30 44 49 61 67 80 84 86 76 81 70 76 68 78 78 59 41 36 31 29 23 31 33 58 66 58 64 85 106 119 111 118 119 115 120 108 112 114 109 113 114 114 109 114 112 51 23 27 25 26 24 16 87 106 113 115 111 113 119 127 127 140 160 158 157 158 154 141 105 106 184 158 117 114 153 160 156 158 155 138 123 98 35 30 34 21 35 120 61 75 63 51 23 20 19 35 64 57 61 65 58 71 81 76 115 109 110
97 100 97 99 98 98 101 96 102 105 58 48 47 44 40 44 42 38 25 48 44 38 46 56 56 58 58 64 71 75 68 78 70 83 73 74 45 33 34 29 23 26 30 44 64 62 70 67 85 105 112 103 111 109 106 103 108 115 112 107 104 112 116 111 111 112 48 24 27 25 25 26 25 21 98 109 112 112 105 125 121 116 128 151 164 159 154 157 151 132 77 149 166 146 85 102 162 166 165 148 123 102 75 59 32 28 25 19 14 68 64 55 35 16 20 21 29 53 55 53 48 66 78 81 83 89 106 113
