161 162 159 158 155 154 157 165 172 171 156 124 94 101 106 107 108 108 108 109 117 121 125 127 131 132 131 130 130 133 132 134 134 134 133 133 135 135 134 135 130 131 132 132 131 134 133 132 135 130 131 129 130 130 129 128 128 122 117 108 115 139 153 160 153 152 154 156 155 153 152 154 156 157 156 169 208 217 207 126 107 118 122 120 123 121 122 124 125 122 126 126 124 118 137 157
158 158 156 155 154 154 156 166 171 169 151 121 92 96 104 104 104 105 105 109 115 122 124 125 129 130 130 131 130 131 132 134 134 133 131 132 132 132 131 132 130 128 132 130 130 132 131 131 132 129 129 128 127 128 129 128 126 122 117 109 109 132 149 158 156 153 154 155 155 154 154 153 154 155 154 156 197 215 215 159 106 114 119 120 122 121 123 124 123 123 124 126 127 124 105 66
157 156 157 156 154 155 161 168 169 166 148 119 92 95 102 106 106 103 103 108 115 120 123 126 127 129 131 131 130 130 130 132 134 132 132 132 131 132 132 132 130 130 130 130 131 134 132 131 130 131 130 129 128 129 125 129 128 124 118 112 106 119 143 155 159 157 158 160 159 156 155 154 154 152 153 152 169 209 218 204 126 109 116 119 121 121 121 122 123 123 126 127 131 99 54 48
156 156 157 157 154 158 165 167 165 162 147 122 92 95 102 106 105 104 103 108 114 120 123 125 128 129 131 131 132 130 132 132 133 133 131 132 131 133 132 132 132 131 131 130 130 134 135 131 131 132 128 130 128 127 129 129 128 125 121 115 108 109 135 151 159 162 160 163 162 158 158 155 154 152 152 151 150 190 215 218 178 108 112 117 121 122 123 123 125 128 131 133 94 50 47 47
155 157 158 158 156 161 167 164 162 160 148 121 91 95 102 106 104 103 103 108 113 120 121 125 128 129 130 130 129 129 130 130 132 130 129 131 132 131 128 128 128 128 128 128 127 131 133 131 131 130 128 128 126 126 127 127 128 124 122 114 109 109 128 149 159 163 161 160 161 159 155 155 154 152 152 151 148 160 207 218 212 139 108 116 119 123 121 122 127 131 134 95 52 47 47 52
158 158 159 159 161 167 167 162 159 162 150 118 90 94 102 106 105 103 104 108 113 120 123 125 127 128 127 128 129 130 130 130 130 130 128 131 134 130 125 123 124 127 126 125 126 129 129 130 132 130 127 128 127 126 126 127 128 125 121 116 110 111 129 146 157 161 160 159 159 158 157 156 155 155 154 152 149 146 185 215 221 193 113 113 120 122 122 122 126 131 90 47 47 47 49 53
158 159 161 162 166 168 167 160 159 161 149 119 90 95 101 105 105 102 103 107 113 119 121 123 126 128 129 127 126 129 129 129 130 130 129 129 132 127 125 124 122 124 126 124 123 126 129 129 132 129 128 128 127 126 126 127 127 125 121 115 111 110 126 141 152 157 159 158 159 158 157 156 157 156 155 154 151 146 152 203 219 220 162 107 115 119 123 126 129 92 47 48 52 52 50 52
161 161 162 167 166 163 162 160 160 161 147 117 86 92 102 103 102 102 102 106 113 119 120 122 124 125 126 125 125 128 129 128 129 130 130 128 129 127 127 124 123 121 121 120 120 124 127 129 130 128 127 128 127 126 126 127 127 125 119 118 113 111 125 140 148 153 156 157 157 156 155 153 156 156 154 151 149 145 141 176 216 223 207 121 109 115 121 128 91 46 45 52 56 53 49 47
161 161 165 167 157 155 156 162 160 161 149 117 87 93 101 104 104 104 103 108 113 120 121 123 125 126 125 126 128 129 128 127 130 130 128 127 130 126 128 132 131 145 150 146 141 127 121 123 125 126 127 129 129 127 127 127 126 124 120 115 112 110 122 138 145 148 152 156 155 154 154 154 154 154 151 147 145 143 142 149 201 220 221 173 107 112 121 91 48 45 50 57 56 52 46 47
161 161 169 162 147 144 154 163 161 163 149 119 87 92 99 104 103 103 103 110 114 120 121 124 126 126 126 128 129 129 129 128 129 130 128 128 138 145 148 151 165 169 178 179 178 182 175 151 126 121 123 128 129 127 127 126 126 123 119 115 112 108 121 138 144 145 149 153 155 153 153 153 153 150 148 144 143 141 142 142 169 213 223 215 138 118 89 44 44 46 54 55 54 46 46 46
160 167 167 152 132 135 156 165 164 164 150 118 84 89 97 101 101 102 105 108 116 120 121 124 125 125 127 128 127 128 126 126 132 133 127 142 144 146 147 151 160 166 174 177 175 179 183 191 191 156 120 121 125 127 124 125 123 120 115 113 111 109 122 140 145 144 147 150 153 152 150 148 147 146 144 143 140 140 141 141 141 192 221 226 199 100 47 44 49 53 54 52 48 51 46 46
164 171 160 137 109 134 159 166 165 164 151 119 82 87 94 99 98 100 103 107 112 117 119 121 123 123 125 126 126 128 132 143 138 126 123 134 133 139 144 151 156 164 169 172 179 183 185 189 193 196 182 132 115 119 120 122 121 117 114 110 106 106 121 139 147 145 146 148 150 151 148 144 143 146 144 143 141 141 141 143 140 156 210 226 216 66 42 46 51 53 52 47 52 47 48 51
171 168 150 113 91 133 160 167 165 164 149 118 79 83 93 96 98 99 103 105 109 115 116 117 123 123 124 125 122 144 112 122 121 123 123 133 128 135 137 143 150 156 171 174 183 184 186 188 190 196 196 192 153 110 113 115 117 116 113 110 106 105 121 141 150 147 145 144 144 146 149 142 141 144 144 143 142 141 142 144 144 144 182 219 124 41 43 50 54 54 47 49 49 46 53 41
171 159 133 86 91 132 159 168 165 162 147 117 76 84 93 100 101 99 101 105 109 114 115 117 120 122 124 124 131 116 115 116 119 124 126 131 132 136 132 137 146 156 168 172 180 182 187 191 192 196 196 197 200 172 106 101 108 112 110 108 107 103 119 143 152 152 148 140 135 135 146 146 143 146 145 143 142 143 144 146 148 150 159 116 46 44 48 51 52 47 53 52 49 57 52 48
165 148 106 83 93 133 159 168 167 162 148 115 77 85 95 100 99 100 101 104 110 115 114 117 120 121 122 124 138 112 109 115 118 123 125 128 130 136 136 137 145 149 160 174 183 185 188 190 193 195 192 192 198 210 209 159 94 107 105 103 104 102 120 146 154 155 152 139 118 118 137 148 145 147 145 143 143 144 145 147 149 154 117 47 44 45 52 52 45 50 53 49 57 62 46 129
155 127 87 84 95 134 158 168 167 162 147 113 78 84 95 99 99 101 101 105 110 114 115 119 122 122 122 127 115 110 114 119 119 122 121 124 128 134 134 135 140 148 160 175 185 186 187 188 184 190 202 210 211 211 217 222 121 93 100 100 100 99 119 143 154 154 153 142 107 85 117 143 147 145 145 143 143 145 145 147 151 136 54 42 46 52 53 49 47 54 47 52 71 63 112 156
139 98 86 88 96 133 158 168 166 163 145 114 81 86 94 98 100 103 101 105 109 114 115 119 121 122 125 117 107 112 115 120 120 118 118 128 132 137 137 139 142 148 158 171 180 183 176 181 204 210 205 208 206 208 209 218 206 98 89 96 97 97 117 142 154 153 152 143 110 58 89 130 147 146 146 143 143 145 144 148 150 74 43 44 53 55 52 46 54 46 54 67 76 110 147 145
114 86 92 88 94 132 156 166 166 162 146 113 80 87 97 99 99 100 100 105 109 114 116 119 121 123 120 108 112 113 118 116 114 115 127 128 137 139 142 145 141 144 156 172 169 166 195 203 204 208 204 200 203 209 212 214 223 180 81 83 90 94 117 143 155 154 154 146 114 52 63 111 140 149 145 143 143 145 146 153 105 46 49 50 53 52 45 55 49 50 57 76 108 144 146 150
89 89 92 89 94 130 155 165 166 163 146 115 80 85 96 99 99 99 102 104 109 115 116 118 121 128 113 114 111 114 117 117 119 123 129 130 137 139 142 139 138 144 157 155 169 196 200 205 201 199 198 203 202 203 205 209 212 218 188 98 78 89 116 143 154 154 153 148 113 55 48 84 126 146 146 142 142 146 151 135 52 40 49 57 53 46 52 51 50 55 63 100 142 148 150 163
87 93 93 90 96 131 154 165 166 162 147 115 82 84 94 97 100 100 101 103 109 114 118 118 128 120 105 111 114 112 114 116 121 131 133 141 138 141 139 135 134 136 146 176 198 194 193 194 195 198 201 203 206 206 207 208 209 213 215 200 76 81 114 141 153 154 154 146 114 58 42 53 101 135 146 141 141 147 149 76 42 46 53 54 53 49 53 48 53 52 86 140 142 147 163 164
90 93 92 90 95 131 155 164 164 163 148 115 81 84 92 98 100 101 100 104 109 115 115 112 156 107 106 110 111 114 117 120 124 131 139 135 135 140 135 127 122 150 187 187 191 192 187 190 194 201 205 204 203 205 206 205 205 208 215 221 155 72 107 140 153 154 154 146 115 61 45 41 62 110 142 153 141 150 110 45 45 52 53 54 50 54 50 55 46 66 135 145 141 159 162 162
92 91 90 87 91 130 155 164 164 163 148 117 80 83 93 94 98 99 101 106 109 112 112 115 174 104 105 109 113 111 118 122 130 135 137 133 136 132 123 123 159 188 183 186 186 180 188 197 197 197 201 202 201 202 202 204 209 206 210 217 222 91 103 140 151 153 154 148 115 61 45 41 45 144 207 205 204 189 53 46 50 55 54 56 54 50 55 48 54 121 147 141 158 161 159 159
90 90 91 90 91 128 154 165 164 163 147 114 75 80 90 96 97 97 100 104 106 110 107 147 162 103 105 109 114 116 118 125 130 131 126 134 130 115 130 168 178 178 178 175 182 187 188 194 195 195 193 195 199 204 203 203 204 207 205 209 221 155 93 138 151 154 154 147 113 57 40 56 163 199 204 219 225 227 82 45 51 54 54 50 52 51 55 49 98 148 142 155 163 160 158 157
92 93 95 94 94 127 154 167 167 163 147 113 77 78 91 98 99 100 100 103 108 113 110 175 149 98 104 110 109 116 123 129 120 124 129 127 114 136 172 173 168 170 175 182 178 190 188 187 190 187 195 198 196 200 200 200 202 206 206 206 211 214 116 134 154 156 156 144 106 45 77 187 185 205 215 213 210 225 123 43 50 54 49 49 46 53 52 73 144 146 151 159 159 159 157 158
95 97 99 97 98 128 154 167 168 165 151 115 80 83 94 99 101 102 102 107 109 113 105 193 140 100 104 102 114 120 122 121 123 132 130 115 139 167 162 166 165 177 180 178 186 183 184 178 181 189 196 196 196 195 200 194 193 197 203 203 205 209 196 145 151 154 152 136 93 131 196 188 209 211 206 202 211 224 125 45 54 51 46 46 51 49 47 123 150 148 160 159 158 158 156 156
99 100 100 98 98 128 154 166 168 168 153 117 80 84 94 101 102 103 100 106 109 112 111 199 126 100 103 108 108 114 117 125 126 121 115 139 158 149 153 158 173 176 178 178 177 181 170 179 182 187 188 192 194 199 193 175 192 199 201 201 199 199 206 198 151 151 147 154 188 195 195 210 207 203 202 207 215 222 105 48 49 54 47 48 52 43 84 151 147 158 160 158 156 156 155 154
100 100 99 99 103 131 155 167 172 171 155 118 81 86 94 99 101 101 99 103 108 106 124 189 132 107 105 103 105 111 118 120 120 118 141 149 148 147 148 162 171 172 168 174 180 164 177 176 181 179 179 185 185 184 181 185 188 194 196 192 194 192 190 198 161 156 184 200 191 203 206 202 201 204 204 208 216 221 76 51 52 49 44 49 54 68 134 149 152 160 160 158 158 156 154 153
100 101 98 100 104 130 157 169 173 173 157 119 80 85 93 98 100 99 99 101 105 101 147 188 140 111 106 105 109 115 119 124 117 139 148 143 139 142 156 161 158 168 177 166 166 175 173 176 174 176 185 185 178 183 187 186 191 191 185 184 186 185 180 185 190 197 192 199 205 204 201 200 203 205 198 207 216 213 48 49 51 49 46 51 62 110 150 148 158 161 159 157 157 155 154 155
99 99 97 98 101 128 156 171 174 172 156 119 80 84 94 98 98 99 98 101 105 99 161 187 145 130 117 105 108 109 119 118 133 147 140 135 143 150 147 148 164 172 158 171 170 171 175 173 173 170 173 181 178 181 182 190 184 181 175 178 179 170 175 191 186 195 203 206 198 200 199 201 204 195 177 202 211 166 41 47 52 48 49 52 73 145 147 155 160 160 160 158 158 157 157 157
97 97 97 97 101 130 158 171 173 171 156 119 82 86 95 100 99 99 99 101 103 98 163 182 159 141 126 106 101 115 111 134 139 142 129 137 149 148 149 150 151 152 169 169 168 167 169 167 164 168 164 168 174 178 183 180 176 175 180 164 170 184 190 193 200 201 195 196 199 199 201 204 203 167 169 165 199 100 48 51 49 46 47 65 118 149 150 160 161 159 160 158 158 158 157 157
97 95 95 95 101 132 158 170 171 171 157 120 82 86 96 99 98 98 99 101 100 93 168 179 160 143 134 107 104 108 134 136 136 125 134 143 143 141 145 153 147 160 157 164 166 163 163 165 157 162 165 167 172 167 173 171 170 164 164 175 183 187 198 202 196 193 193 198 201 201 203 208 181 166 153 162 191 48 45 54 44 50 52 94 149 147 156 161 159 157 158 159 157 157 157 157
97 96 96 96 105 133 158 170 172 171 158 123 81 85 95 98 97 98 98 98 99 88 179 189 167 152 141 120 103 129 134 135 123 132 143 143 133 138 148 142 157 154 155 156 145 144 140 157 161 163 163 165 163 165 161 161 157 165 181 182 194 195 190 188 193 196 199 202 203 203 207 203 160 155 142 164 150 42 51 51 55 52 62 130 149 150 159 159 157 156 158 157 157 157 156 156
98 98 98 100 108 133 158 171 173 171 159 121 79 83 95 98 96 98 97 99 97 85 184 195 170 159 152 131 116 128 131 121 131 142 138 128 134 141 140 149 132 125 117 112 119 153 128 135 144 154 152 148 150 120 140 150 171 177 188 197 196 191 192 194 198 199 202 204 204 206 210 175 132 98 121 201 83 40 49 47 54 54 89 149 147 157 159 159 156 156 156 156 156 155 154 154
99 100 99 102 110 136 159 172 174 173 159 123 78 81 93 97 100 99 99 99 97 86 178 197 185 154 143 133 115 122 116 127 138 135 125 130 133 135 143 134 135 120 106 89 85 152 142 112 96 96 93 77 58 60 84 173 169 190 195 194 196 194 193 197 200 200 203 205 205 193 151 104 88 111 181 158 41 49 47 47 52 54 128 147 152 161 160 159 157 156 155 156 154 154 154 153
100 103 98 103 112 136 161 172 172 172 160 123 78 83 95 97 98 100 99 100 98 89 155 202 195 148 125 126 116 113 119 138 133 123 132 133 129 140 131 125 124 120 109 100 77 96 105 83 89 76 73 46 38 93 153 169 198 197 193 192 195 193 194 197 199 200 206 184 129 94 91 96 126 177 155 59 46 50 50 52 47 76 146 146 160 162 160 160 158 157 156 155 155 154 153 154
105 103 98 102 110 136 159 172 172 171 160 123 80 82 94 97 98 100 98 100 97 93 125 204 197 150 138 142 116 113 133 135 123 127 132 127 138 132 118 128 99 88 76 56 66 107 86 85 94 71 72 36 104 146 166 188 184 192 191 188 191 191 193 196 199 189 150 115 94 100 126 154 182 156 48 47 52 47 47 57 56 118 148 153 164 163 161 160 159 158 157 156 155 155 154 152
106 104 102 101 109 135 158 170 171 171 160 125 79 82 92 96 98 99 99 98 100 98 91 202 195 175 144 138 111 132 133 116 126 128 123 127 130 136 110 76 75 65 54 50 95 86 59 95 79 45 81 116 144 179 189 181 185 183 184 185 190 191 195 192 134 100 111 144 151 163 169 178 158 47 48 55 53 48 49 52 71 143 145 161 164 165 163 162 159 158 157 156 155 155 154 152
106 105 102 101 106 133 159 171 171 172 160 127 78 82 92 95 96 98 97 98 102 103 91 169 203 175 170 117 126 132 118 124 124 122 130 136 95 96 75 79 63 66 48 63 75 55 86 95 72 60 138 138 182 193 182 181 181 177 177 185 191 192 175 83 88 113 116 140 163 171 184 150 50 45 52 55 53 47 51 52 103 144 150 165 165 165 163 163 160 159 157 157 156 155 153 152
108 107 103 99 101 129 159 171 173 173 160 127 78 81 91 95 98 97 98 99 104 106 100 104 205 187 176 124 129 122 122 131 125 124 128 113 92 75 84 56 48 91 42 71 58 58 53 73 101 104 122 186 193 187 181 181 179 173 181 185 185 189 173 93 93 100 126 126 163 183 117 45 45 52 53 56 48 46 53 67 125 131 160 167 164 164 163 163 161 160 159 159 157 156 154 152
108 106 103 98 96 127 158 171 173 174 161 127 78 79 89 96 96 97 98 100 105 110 108 95 161 201 177 131 117 115 128 118 124 122 121 82 70 82 83 53 55 80 63 51 53 66 62 79 94 125 164 182 184 178 175 175 175 175 181 189 192 197 193 131 83 94 102 135 156 93 43 45 50 57 56 54 44 51 53 91 130 134 166 167 164 164 164 162 162 161 161 159 158 156 154 151
106 105 102 98 93 125 155 171 173 174 162 129 77 80 91 97 99 99 98 99 104 112 111 100 151 213 172 120 118 120 116 132 131 103 89 75 52 58 75 72 62 76 81 47 47 45 53 99 105 156 176 183 179 166 173 176 168 176 192 199 196 199 197 157 87 56 83 129 147 72 43 46 55 58 60 51 44 50 57 119 128 146 163 165 165 163 163 163 162 161 161 159 158 157 155 152
105 105 102 99 93 125 156 171 173 173 162 129 80 80 92 98 100 100 99 102 106 112 114 106 140 215 131 109 116 117 126 122 117 83 57 60 46 49 72 73 67 52 106 67 40 46 120 129 152 167 182 187 169 162 177 166 172 188 195 201 200 205 205 175 98 47 66 117 153 55 46 49 55 59 61 47 47 48 78 136 135 152 153 160 164 163 162 161 163 162 160 158 158 158 155 152
104 104 102 98 94 125 156 170 174 174 163 130 82 80 92 100 102 103 101 101 115 123 115 112 113 207 118 117 110 128 122 91 70 61 73 47 57 52 53 61 73 76 87 42 39 120 138 173 160 159 180 179 170 167 158 168 182 191 198 201 203 209 211 192 118 55 47 92 158 63 51 54 57 63 56 46 53 46 108 137 150 157 152 150 151 154 157 159 160 161 160 159 157 156 154 151
105 103 100 96 94 123 155 171 175 174 162 129 84 85 95 101 102 102 101 103 115 114 118 118 113 170 131 114 127 129 112 75 67 43 64 57 58 52 53 57 68 80 83 62 106 135 172 183 171 157 189 173 164 155 165 172 185 194 198 202 205 209 212 203 136 67 40 72 159 71 52 56 59 63 53 48 52 59 134 137 161 162 158 154 152 151 149 147 149 154 156 156 154 154 153 150
103 102 99 96 92 124 155 172 175 175 163 130 83 84 94 101 102 104 103 105 111 116 116 115 117 123 121 128 132 121 69 54 72 52 46 66 69 49 59 58 52 72 36 106 131 162 165 185 180 160 178 158 159 163 172 176 182 193 198 199 203 208 212 209 157 85 43 61 150 76 51 57 62 60 50 52 47 91 139 144 164 162 160 162 161 159 155 148 146 146 145 145 149 152 152 151
102 100 98 97 92 123 156 171 175 175 163 129 82 83 94 101 102 102 102 105 111 116 119 122 139 106 133 126 123 102 72 50 85 45 60 78 50 49 61 60 61 62 66 116 163 171 160 186 187 168 133 148 159 168 176 178 178 187 195 195 199 204 209 208 168 81 42 54 135 94 61 61 65 56 51 53 52 120 134 153 162 161 160 161 165 164 159 154 150 147 145 144 143 143 144 147
101 101 100 99 92 122 156 172 177 176 164 130 82 84 93 101 102 102 102 104 111 117 121 148 116 43 96 150 93 64 85 51 97 41 57 57 50 47 66 66 66 46 120 150 177 181 161 191 171 125 124 110 91 114 160 177 175 181 192 190 193 199 195 162 115 65 42 52 119 112 60 61 64 52 50 53 67 134 135 160 160 158 158 157 158 160 159 155 155 153 152 151 144 142 139 135
102 104 102 99 90 121 154 173 175 177 165 132 83 85 95 102 102 100 99 103 107 113 140 146 131 87 104 101 69 81 66 81 79 46 62 57 70 40 48 72 47 98 146 174 191 171 182 153 119 131 118 136 108 93 95 147 165 174 190 191 188 160 111 98 107 90 55 48 111 125 56 65 61 50 53 54 90 135 143 161 159 157 156 155 156 158 157 155 153 155 156 155 151 147 139 134
101 101 99 95 86 120 154 173 177 176 164 133 84 81 91 100 101 99 98 97 120 149 148 153 148 125 62 59 78 98 78 82 56 58 64 41 83 57 45 40 63 133 175 184 196 184 127 74 65 57 53 60 56 105 126 133 152 168 193 198 166 96 67 53 57 63 53 46 104 132 62 66 54 49 53 47 117 134 153 159 157 155 155 155 155 156 155 153 153 153 154 153 147 145 142 137
97 95 93 88 79 115 154 174 176 177 163 131 81 82 92 97 98 97 94 91 185 150 147 139 116 58 53 82 76 62 96 80 52 51 77 44 49 73 57 41 114 162 175 193 196 134 68 49 60 50 72 165 86 69 123 130 144 166 203 188 70 51 96 111 49 54 48 49 95 134 71 67 50 51 50 61 135 141 159 157 155 153 153 154 154 154 154 153 153 149 151 146 142 137 136 133
100 98 95 87 76 114 154 175 178 180 166 131 84 85 98 103 102 103 95 64 131 172 171 96 61 54 77 61 65 73 106 76 47 46 74 49 45 45 42 77 127 167 185 198 158 112 92 59 100 76 103 204 173 107 110 122 139 171 211 139 93 82 107 145 57 46 45 57 90 139 83 64 50 53 48 85 140 146 158 157 154 152 152 152 153 153 152 151 148 147 145 141 136 131 135 151
102 100 95 88 75 113 154 174 180 180 168 133 89 90 102 108 113 72 73 121 161 178 102 67 68 96 57 65 81 94 106 98 54 44 48 51 48 43 46 118 168 179 198 152 121 130 140 113 114 127 163 182 166 138 125 125 135 174 216 140 130 130 157 114 61 56 51 63 80 151 85 59 48 52 53 111 137 154 156 154 152 151 157 154 153 153 151 148 145 142 138 136 139 158 173 183
102 101 93 84 73 110 154 174 180 183 171 136 88 91 103 111 115 102 139 134 105 83 50 68 104 102 56 68 85 82 116 116 57 47 46 47 49 36 97 136 173 193 151 109 133 143 147 144 138 127 135 136 157 150 126 131 131 168 217 174 145 127 113 83 89 61 47 65 75 161 86 54 48 56 62 131 138 158 155 154 152 151 151 151 150 152 148 144 140 136 136 156 177 187 189 188
99 93 85 80 64 106 153 173 181 183 170 137 88 89 102 109 109 136 129 87 84 57 60 74 98 96 51 59 74 108 93 106 60 46 45 49 47 58 121 169 188 163 93 119 137 152 157 161 159 157 162 166 165 153 136 133 129 164 213 190 162 147 130 117 107 68 49 64 70 164 85 53 46 50 76 135 144 156 154 152 151 151 150 150 149 148 145 142 136 136 169 191 193 191 189 189
93 88 83 75 62 104 151 173 179 182 169 136 88 88 99 113 131 135 135 112 75 62 84 102 102 78 41 54 90 99 109 101 89 55 48 46 45 109 137 185 177 73 105 124 136 150 160 168 174 173 173 173 168 150 143 133 129 155 212 194 169 150 136 128 116 70 53 65 59 167 86 49 48 48 104 136 153 156 154 152 151 151 150 148 147 145 141 137 136 169 194 197 194 190 190 192
84 81 79 72 60 102 152 173 178 181 169 136 87 87 105 120 125 106 82 79 61 80 82 119 91 52 47 47 57 71 60 69 126 62 44 44 63 127 173 192 78 70 114 125 134 147 157 170 177 179 176 175 166 152 146 136 130 149 209 199 164 154 138 130 118 67 53 68 52 156 100 43 52 49 125 140 159 155 155 152 151 150 148 147 146 144 139 132 160 191 194 195 194 193 196 200
78 76 73 68 58 100 151 171 176 177 167 137 86 88 100 108 113 107 99 96 88 75 66 111 73 52 52 49 49 58 53 73 121 103 39 37 104 139 195 126 48 74 115 126 134 143 151 161 172 178 175 171 160 146 141 133 128 147 200 203 164 153 142 130 112 57 51 69 45 155 116 43 57 66 135 149 161 155 154 152 149 147 147 144 144 141 134 142 185 195 193 194 196 201 204 203
78 77 74 65 53 100 150 171 173 177 165 136 83 95 108 129 135 70 106 101 69 81 84 122 89 60 53 41 45 78 61 100 128 114 55 51 123 176 179 43 58 72 109 126 132 141 151 158 165 171 171 167 158 140 134 129 124 141 191 211 160 151 140 130 102 49 58 72 41 145 128 46 50 90 139 155 159 155 154 151 149 147 145 144 141 138 133 170 194 193 193 197 204 208 205 202
80 76 72 62 49 97 150 170 174 176 166 136 83 82 119 120 121 73 101 89 77 98 94 124 91 47 50 42 58 89 91 105 130 55 39 92 132 194 71 38 68 74 107 125 132 138 147 152 157 161 165 162 153 135 128 128 122 137 178 221 159 151 139 128 83 46 59 71 40 134 139 48 47 115 140 158 157 152 153 153 150 148 146 144 140 135 148 190 195 193 196 206 207 207 206 206
82 79 74 61 46 95 149 171 175 178 169 137 84 98 117 111 103 78 97 84 71 92 87 114 88 59 57 47 54 93 101 92 58 39 90 133 144 137 39 41 78 75 107 124 130 136 144 150 153 157 160 159 147 124 129 138 132 132 174 219 155 148 135 121 60 47 60 69 43 115 150 63 52 136 146 158 155 151 150 150 150 149 147 145 139 134 172 196 194 195 204 208 205 205 207 207
83 79 75 65 55 105 150 170 174 177 169 138 96 92 97 111 94 79 111 71 87 81 80 105 104 87 55 60 41 55 87 66 42 37 155 182 162 60 39 44 81 82 107 123 129 136 142 148 151 154 157 158 149 128 131 94 109 119 154 192 150 145 134 97 45 49 64 64 47 95 151 74 71 145 151 157 153 150 150 150 148 147 145 143 137 141 186 196 195 201 205 206 207 208 209 207
80 78 75 68 73 119 156 169 172 178 171 139 87 84 98 113 90 78 81 61 99 82 83 103 122 98 43 96 64 41 93 58 80 99 132 173 71 48 52 45 88 89 112 123 128 134 141 146 148 152 155 158 153 143 129 127 127 127 163 175 153 141 129 65 48 52 72 67 49 76 151 86 101 147 154 156 152 151 150 150 148 146 144 142 136 153 192 196 199 207 207 207 210 210 208 208
79 77 77 68 82 127 157 168 172 178 172 141 88 84 96 119 95 68 75 97 54 73 96 108 110 123 61 90 82 55 73 119 157 116 135 120 49 54 59 48 89 95 115 124 128 133 139 143 145 152 155 158 155 152 145 144 173 171 195 173 149 138 108 50 48 58 76 70 57 61 149 95 125 146 156 154 152 151 149 149 147 147 144 141 133 164 194 197 204 208 206 207 209 210 209 211
73 72 72 64 80 130 158 168 172 178 172 141 88 81 101 128 89 77 101 63 57 72 73 93 86 127 93 95 56 64 126 165 154 97 127 45 50 50 63 47 80 98 113 124 129 133 139 140 141 146 150 151 152 148 150 159 200 182 199 170 145 136 70 49 47 61 77 68 56 49 144 109 137 147 155 153 151 149 148 147 146 145 144 139 133 173 196 201 208 207 207 208 208 211 210 211
68 68 69 65 79 125 157 169 173 179 173 142 86 82 120 111 85 84 77 62 69 75 78 78 76 103 127 63 78 137 151 172 103 128 53 65 49 52 69 50 73 94 105 124 129 133 138 141 137 141 141 142 144 145 152 159 183 186 182 161 137 119 47 53 50 63 77 70 58 44 140 118 141 150 155 153 151 148 149 148 146 145 143 138 132 177 199 207 209 208 209 208 210 213 211 212
59 61 67 63 80 127 159 172 176 179 173 140 85 110 97 128 73 66 69 67 58 88 103 90 80 93 99 93 127 177 199 115 121 86 44 60 47 52 67 54 70 86 95 120 130 129 134 141 142 134 103 111 120 121 114 110 123 127 111 116 139 77 47 50 52 65 75 72 61 43 130 130 147 151 156 152 150 148 148 148 146 144 143 136 133 182 204 211 209 208 209 210 212 213 213 213
56 59 64 64 88 130 159 174 177 181 171 139 117 99 103 128 75 65 52 66 69 96 104 97 98 93 85 110 138 178 151 115 130 49 49 50 51 55 60 60 67 80 87 115 123 125 130 136 146 142 129 119 117 127 137 150 161 165 135 142 118 47 50 46 56 61 78 70 69 45 120 142 149 153 155 152 151 150 148 147 146 146 144 135 136 190 210 211 210 210 211 212 213 213 212 211
55 57 60 62 89 126 158 173 178 181 172 151 98 78 127 105 69 95 46 74 77 115 104 82 97 95 99 143 133 169 127 151 60 52 53 48 53 53 61 63 63 76 75 105 115 120 126 131 140 145 138 128 126 127 139 152 150 147 144 141 67 46 52 48 55 59 80 74 74 49 118 150 152 154 156 154 153 152 150 149 146 145 143 133 136 198 214 212 211 213 213 214 212 209 206 206
52 53 53 63 90 120 153 172 179 181 172 140 82 96 113 94 67 89 47 78 63 137 103 118 78 114 119 120 127 172 169 71 53 55 56 52 52 59 60 63 59 74 67 90 104 113 121 129 135 140 140 134 130 127 124 127 130 146 144 100 49 45 52 57 55 66 77 78 72 54 114 154 151 155 155 154 154 154 152 150 146 143 140 129 133 204 217 213 213 216 215 210 207 207 207 208
51 51 49 75 101 123 148 171 177 179 171 142 84 92 109 79 79 63 48 69 57 135 111 130 111 91 115 103 120 196 94 50 51 54 55 52 53 52 58 61 53 63 62 75 92 106 118 128 134 138 139 140 142 148 158 159 156 150 133 60 46 47 56 58 52 69 79 79 74 59 109 160 149 156 156 153 153 152 152 149 146 143 138 126 132 207 219 215 215 214 212 210 211 210 210 209
47 49 49 80 102 124 149 171 176 178 171 141 85 82 103 72 86 57 52 65 62 110 84 113 125 102 117 123 95 125 58 52 51 58 54 53 50 50 52 57 55 58 59 68 61 85 103 123 131 137 144 148 161 162 168 168 164 151 99 55 48 51 60 55 54 77 84 80 76 64 108 161 148 158 155 152 151 151 151 149 144 140 136 126 140 213 218 213 212 213 214 211 208 207 206 204
49 49 48 70 98 127 150 171 175 178 172 142 82 79 86 55 85 59 60 59 51 122 76 82 115 130 123 139 95 74 54 54 51 59 58 56 51 54 49 55 57 57 60 66 56 53 77 104 118 130 139 146 155 165 169 166 161 144 75 56 56 56 63 54 52 81 86 80 81 70 108 160 144 150 151 149 150 149 149 147 142 138 135 123 153 217 217 211 212 214 212 207 205 196 173 129
46 47 44 57 93 119 152 170 173 176 170 137 84 132 108 48 76 62 63 50 46 117 111 77 104 102 115 148 129 130 56 50 52 67 58 58 50 53 50 49 56 61 62 61 74 65 78 88 103 115 126 138 150 157 164 159 151 141 74 54 57 56 61 54 54 81 90 83 84 71 118 152 122 124 132 138 142 145 148 146 142 137 130 119 174 218 213 211 211 210 207 195 161 98 50 47
57 53 44 52 76 108 148 169 173 174 168 138 152 90 90 45 76 63 60 64 50 107 126 86 66 117 112 124 110 98 142 58 50 71 55 61 50 51 51 49 53 58 58 51 74 98 121 128 132 136 138 143 151 151 152 156 171 189 185 144 81 56 55 49 54 82 89 84 84 74 123 142 117 113 115 116 118 122 130 135 136 134 126 118 192 214 208 209 208 205 194 155 72 44 56 73
96 73 56 57 60 88 141 168 170 172 175 163 85 91 85 41 64 65 50 86 64 63 117 102 107 132 87 102 110 113 128 114 51 69 51 65 52 48 54 51 50 59 58 54 72 106 122 126 126 134 137 140 143 141 144 154 174 191 198 201 198 157 80 44 45 79 87 81 80 72 129 138 133 133 125 118 110 105 103 108 109 112 112 108 191 208 206 208 208 198 154 76 50 63 80 85
134 120 90 75 55 74 136 166 171 172 173 141 107 128 45 41 51 93 37 94 85 57 75 108 105 89 101 106 125 122 121 79 92 65 47 65 52 49 53 56 51 56 68 57 65 103 117 123 128 131 138 140 140 141 147 161 178 189 192 197 202 205 205 128 48 70 82 76 75 68 134 141 143 142 136 133 128 119 110 101 93 106 113 85 186 207 209 208 199 154 71 65 76 81 87 86
134 145 130 100 60 70 137 168 172 173 169 144 154 86 46 41 49 88 95 89 70 76 82 85 81 66 88 114 136 138 75 101 110 60 47 67 55 53 53 61 52 60 72 67 65 103 119 124 125 136 140 141 137 142 154 164 174 184 188 191 198 203 208 211 154 59 72 66 74 59 141 143 148 145 143 140 136 131 125 118 108 119 121 105 198 211 212 207 173 65 68 86 82 96 93 87
119 144 150 131 73 69 136 170 175 175 169 156 147 82 46 53 61 58 64 62 62 53 54 87 65 71 86 95 130 131 108 125 94 91 46 66 58 54 55 63 54 66 80 88 56 105 119 120 133 138 140 141 140 148 157 163 169 176 181 187 193 200 206 211 214 149 56 58 70 60 146 143 149 145 143 142 140 137 132 128 122 125 127 142 208 213 213 196 130 62 90 92 97 108 93 95
68 128 161 152 89 66 139 172 177 178 170 154 123 54 43 46 63 54 47 80 70 47 72 52 85 70 79 92 116 127 144 84 110 121 38 61 58 50 50 63 51 58 90 107 53 99 119 133 134 138 140 140 142 147 153 160 165 172 177 183 190 197 203 208 214 218 109 50 57 61 146 144 147 145 144 142 141 138 135 130 127 132 135 169 214 213 211 177 91 86 93 99 111 100 95 102
41 104 165 162 100 56 139 171 177 178 172 146 123 56 45 54 55 49 46 93 60 55 47 72 73 83 100 89 93 131 147 72 89 145 38 59 63 49 51 62 52 55 99 106 52 100 124 130 134 137 140 141 144 148 151 158 162 169 175 181 188 195 202 208 212 219 197 53 48 68 144 148 146 145 144 140 139 137 135 129 124 137 169 196 214 214 206 143 85 92 100 110 101 90 102 102
38 90 163 166 94 54 138 172 178 179 174 148 128 53 47 54 48 49 48 114 47 61 52 57 58 71 98 94 83 136 143 74 85 134 38 65 70 52 51 59 48 65 103 109 58 102 128 130 136 139 137 139 142 146 150 155 160 167 173 179 186 193 202 208 212 216 221 108 38 79 145 149 148 146 144 141 136 135 132 126 129 180 199 209 216 213 189 108 92 97 108 110 92 97 102 103
32 77 158 167 99 50 137 173 179 180 175 148 111 50 54 45 45 43 69 114 47 51 59 48 51 58 77 102 69 136 141 112 120 137 53 65 63 57 52 53 55 82 118 119 64 105 129 134 137 137 137 137 142 144 148 153 159 164 170 176 185 192 200 207 210 214 219 177 33 91 145 148 146 145 143 139 136 133 128 124 151 212 210 211 217 208 154 96 91 101 114 103 92 104 102 98
32 71 156 168 109 50 135 173 177 177 173 150 100 58 45 46 47 57 73 88 51 57 54 44 57 56 63 94 111 135 115 132 156 74 62 59 60 59 56 50 65 104 125 114 66 108 129 134 139 139 137 138 139 142 146 151 157 161 167 175 183 192 198 205 208 212 216 213 51 101 144 148 145 143 140 140 137 132 127 124 168 215 208 214 215 192 128 103 96 105 111 95 98 104 96 86
31 64 152 170 118 51 133 172 176 175 172 150 110 53 47 47 49 58 51 79 55 55 54 47 56 71 58 52 120 123 112 60 80 87 91 97 96 65 54 51 78 115 126 111 72 115 131 134 140 140 138 134 137 141 144 151 154 159 164 170 180 189 196 203 207 211 214 217 98 112 144 149 143 142 139 139 138 133 126 127 177 213 204 215 210 162 119 105 97 106 101 91 102 99 92 90
35 54 143 169 123 56 131 170 177 178 174 152 107 52 47 46 51 63 49 64 58 48 61 42 51 72 68 83 98 118 105 106 69 47 58 57 60 70 48 60 92 120 128 98 84 124 134 138 140 142 139 135 138 139 143 148 153 157 163 168 176 187 194 200 206 209 213 215 149 120 145 147 143 144 141 140 138 133 130 132 161 200 202 216 202 139 114 105 94 99 84 99 102 95 93 95
39 47 134 168 131 64 128 170 176 177 173 150 120 67 43 58 67 49 51 64 53 61 55 55 62 61 79 63 104 118 71 109 127 69 53 54 53 50 47 74 104 122 124 78 98 131 138 141 143 140 139 137 136 138 143 148 151 155 159 164 172 182 191 198 204 209 212 213 199 132 125 130 137 144 145 143 141 136 137 141 141 151 195 217 192 126 106 94 97 86 89 105 94 91 95 88
37 45 129 166 136 68 125 167 175 177 174 148 114 71 44 51 49 49 57 60 66 54 52 45 62 53 87 92 53 70 73 91 116 47 47 51 46 43 57 85 114 123 114 67 116 134 138 140 143 143 142 139 137 138 142 147 150 153 157 163 170 178 188 195 202 209 212 214 215 140 85 91 102 115 127 135 137 140 146 150 138 145 204 215 171 114 93 91 90 80 101 98 91 99 92 69
35 40 122 174 149 71 120 164 174 177 176 152 108 76 45 49 45 58 55 56 62 59 46 48 50 62 96 126 83 66 76 82 70 49 45 46 44 48 73 105 118 119 75 83 129 134 137 142 143 140 142 139 137 136 139 144 147 151 155 161 168 173 185 192 201 207 211 214 218 149 83 81 79 80 82 89 97 115 144 152 146 163 215 203 137 88 77 91 78 97 96 94 95 100 84 57
45 48 120 176 161 79 120 164 175 177 178 147 101 67 48 44 50 59 52 52 63 62 54 49 53 48 57 107 133 106 96 56 49 48 47 41 41 57 89 113 118 96 54 113 134 136 138 139 140 143 143 140 138 136 138 141 145 149 153 157 164 172 180 189 198 205 209 212 216 186 88 99 95 86 72 60 50 54 95 175 175 183 214 178 95 64 78 77 94 102 89 90 100 96 71 54
83 83 121 177 169 92 119 163 176 177 179 141 112 57 49 57 48 50 50 57 61 62 53 45 47 58 56 56 118 129 104 79 48 43 41 40 48 76 105 117 105 54 92 129 135 137 139 139 140 144 144 142 139 138 138 140 141 146 151 156 160 169 176 186 195 202 207 211 214 212 100 103 106 99 88 74 54 41 89 200 173 196 201 118 61 69 74 84 105 87 82 91 109 91 71 58
88 102 134 176 172 104 118 163 177 179 179 134 109 56 49 48 48 53 51 48 60 58 68 47 59 58 63 69 72 100 108 52 46 45 40 45 66 91 113 94 52 83 122 130 135 138 139 139 139 143 142 144 141 139 139 141 140 145 148 152 159 164 171 180 190 199 206 210 212 215 131 96 107 104 96 86 73 62 93 193 198 179 126 59 61 70 79 102 91 76 82 105 104 88 69 65
74 108 124 170 170 109 118 163 176 180 179 136 103 47 50 51 55 52 56 48 80 61 84 56 58 65 75 63 78 120 68 56 45 43 41 52 76 77 61 65 97 118 126 131 135 137 138 140 140 143 144 145 144 143 141 140 140 142 146 151 156 162 169 176 185 194 202 208 212 214 167 89 101 104 100 97 89 93 107 190 183 105 71 66 73 78 103 97 76 73 96 112 100 79 65 66
55 84 109 164 170 119 117 161 177 181 180 149 70 46 50 51 60 53 64 51 76 53 96 90 52 80 54 87 75 118 96 50 47 46 43 48 59 74 95 114 121 126 128 130 133 135 137 137 140 141 144 146 146 143 143 140 142 142 144 150 155 160 167 176 184 190 199 206 211 213 199 86 94 102 107 103 106 111 109 132 106 83 83 81 76 98 100 77 66 86 111 114 96 68 62 55
56 66 92 168 185 136 118 161 178 182 180 131 62 51 51 50 61 58 69 47 81 45 85 105 49 101 51 78 70 101 84 51 46 44 52 78 98 111 117 123 125 128 129 129 133 136 136 138 140 142 142 145 145 146 146 145 144 144 146 148 153 158 165 171 179 186 194 202 209 210 211 102 89 102 110 113 117 116 113 106 98 104 98 83 90 94 77 75 74 106 120 105 80 60 56 52
52 56 83 187 201 167 120 160 177 181 179 132 60 51 50 56 57 66 63 53 96 49 93 90 87 67 73 59 84 64 96 72 39 52 75 99 110 118 118 124 126 126 130 132 131 134 136 136 139 140 141 144 145 146 147 148 148 147 147 151 152 159 165 169 177 183 191 200 205 209 212 135 84 98 105 117 120 119 115 112 115 118 100 95 94 84 76 76 99 122 113 90 62 55 57 73
50 53 73 186 198 171 120 160 178 180 179 115 59 44 53 60 64 72 63 76 91 57 92 67 101 72 88 52 73 55 77 92 67 74 88 104 114 120 122 125 126 128 129 132 131 134 137 134 137 140 141 145 145 144 146 148 149 149 149 151 156 158 164 166 172 181 190 196 202 207 210 172 91 92 100 111 124 127 121 126 133 116 93 84 79 88 84 91 121 126 98 64 49 54 76 98
