162 161 162 159 158 156 155 154 156 162 167 172 171 164 149 118 94 97 103 106 107 108 109 109 109 106 112 117 120 124 126 128 132 130 134 130 129 130 130 133 132 134 134 134 134 132 135 133 135 136 136 135 135 132 131 131 132 133 132 132 134 135 132 133 137 129 132 131 129 132 129 129 130 129 127 128 123 121 115 105 112 133 145 154 161 158 151 152 154 156 157 154 153 152 153 153 156 156 158 154 162 202 214 218 215 157 100 109 118 121 122 120 124 121 121 121 123 125 126 122 125 127 125 123 117 117 166 167
160 160 160 156 155 154 154 154 155 161 169 172 172 163 144 116 94 93 100 106 105 105 105 106 106 106 111 117 121 124 125 126 131 130 131 130 130 131 130 133 133 134 133 134 134 132 132 132 133 133 133 133 134 132 130 130 132 133 129 131 133 133 131 132 135 130 129 130 128 129 127 129 130 128 128 126 123 120 114 105 109 129 143 153 159 157 152 152 153 154 155 154 153 153 154 154 155 156 156 155 155 194 214 217 219 176 105 106 117 120 121 121 123 122 121 123 125 124 124 122 124 126 126 124 119 127 131 101
157 156 157 155 156 155 154 154 155 164 170 171 170 160 139 115 91 91 98 103 103 104 105 104 103 106 111 116 121 123 124 126 127 129 129 130 132 130 130 130 131 133 133 133 132 131 132 133 132 131 131 130 131 132 129 128 131 131 128 130 132 131 130 130 131 131 129 129 128 128 127 127 128 128 127 126 123 119 114 109 104 116 136 148 156 160 156 153 155 157 155 156 156 154 155 154 154 154 154 154 149 166 206 214 218 211 142 100 111 117 120 121 121 121 120 122 123 122 123 124 124 126 125 129 132 105 53 40
158 156 156 156 156 155 153 155 161 167 169 169 166 157 139 114 92 91 98 103 106 107 106 103 103 104 111 115 119 123 125 127 127 128 129 131 131 130 130 130 131 132 132 134 132 131 133 132 131 132 131 132 132 131 130 130 130 131 129 131 134 135 132 131 130 131 131 129 129 127 127 129 128 128 128 129 124 122 115 113 107 106 128 145 153 160 160 158 158 161 161 159 156 156 155 154 154 152 152 153 152 149 186 213 217 221 190 115 106 113 118 118 121 121 119 121 121 122 124 124 126 125 130 134 100 54 46 50
157 156 156 157 157 156 154 159 165 167 167 166 163 154 140 116 92 90 99 102 105 107 105 105 103 103 112 116 119 123 124 126 128 129 129 131 131 132 132 130 132 132 132 133 134 132 132 133 131 134 132 132 132 133 133 130 130 132 128 131 134 136 134 132 131 132 132 127 129 130 127 127 130 130 128 128 126 122 117 115 109 103 117 140 150 157 162 162 160 162 163 161 158 159 157 154 155 154 151 152 152 148 159 202 216 219 217 159 101 110 115 118 121 123 123 122 123 125 126 128 129 133 136 94 47 45 49 47
155 155 157 159 158 156 155 160 166 165 165 162 161 155 142 120 92 92 98 104 107 104 104 103 103 104 111 114 119 120 124 125 127 129 130 130 130 130 130 130 130 131 131 133 130 131 130 131 131 131 131 130 130 129 129 130 131 129 127 129 132 135 134 131 131 131 131 128 129 127 127 126 127 128 127 128 125 124 121 113 110 105 111 133 150 156 162 163 161 160 162 161 160 156 157 155 154 152 152 152 151 151 144 177 212 217 221 202 124 105 114 117 118 121 122 121 122 127 129 130 135 139 95 48 48 52 47 51
155 156 159 158 158 157 158 165 167 166 162 159 161 157 141 113 88 88 97 103 105 104 105 103 102 107 109 113 120 121 123 126 129 127 128 130 129 129 129 130 130 129 129 132 131 128 130 133 135 131 127 126 125 126 127 127 127 126 127 126 128 129 132 131 131 132 128 127 128 127 126 127 128 126 126 128 124 123 122 113 109 106 114 130 146 156 162 162 163 160 159 159 160 157 155 156 155 153 153 152 151 150 146 152 199 216 220 221 174 103 110 117 122 122 123 121 121 124 126 133 137 91 52 47 44 45 50 54
158 158 159 159 159 160 165 169 168 164 159 158 162 159 141 113 89 89 98 103 106 106 105 103 103 105 108 114 119 122 123 125 127 127 128 127 127 129 130 129 130 131 130 129 131 129 128 131 134 132 127 124 122 123 125 128 125 125 125 126 129 129 129 130 132 131 127 127 127 128 127 126 125 126 127 129 127 122 120 116 111 108 115 131 143 154 158 161 161 159 159 159 158 158 156 156 156 155 156 154 152 151 149 142 171 210 216 222 213 140 104 115 119 122 122 122 122 124 130 136 91 42 45 46 47 50 50 55
158 158 159 161 161 164 168 168 168 163 159 158 162 158 141 114 91 92 98 102 106 106 104 102 102 105 109 114 118 122 122 124 126 128 128 129 127 127 128 130 130 129 130 129 129 131 129 130 132 129 127 124 123 122 122 125 127 125 123 123 126 129 129 129 132 130 128 127 128 128 127 126 127 126 127 127 126 123 119 114 111 108 115 129 140 150 156 158 160 158 158 159 158 157 157 157 157 156 156 155 154 152 151 144 145 191 215 220 224 196 116 106 115 117 122 123 125 129 134 93 44 43 51 51 52 51 51 54
160 159 162 162 164 168 167 166 165 161 158 160 161 156 139 113 86 87 97 103 103 102 102 103 103 104 110 114 118 120 120 123 124 127 126 129 126 124 126 129 128 128 126 129 130 131 129 128 129 128 126 125 124 123 124 124 124 121 121 122 125 128 128 130 131 130 127 127 129 127 126 125 126 127 126 127 126 122 118 118 114 108 114 128 139 147 152 155 157 158 157 157 156 156 157 154 158 157 155 155 153 151 149 147 140 163 210 220 222 221 158 98 111 114 120 123 129 134 90 43 42 46 54 57 53 51 50 48
161 160 160 163 169 166 162 160 160 161 160 160 161 156 139 111 85 87 97 104 103 103 103 103 102 103 108 114 120 120 121 123 124 123 126 125 124 126 128 129 128 127 128 129 128 129 129 128 129 127 127 128 124 123 121 118 119 117 115 114 118 125 128 130 129 127 127 126 128 130 126 128 127 126 126 127 124 122 117 116 115 109 114 126 138 145 149 153 155 157 156 155 155 155 154 153 155 156 155 153 150 147 146 144 141 141 189 218 221 225 205 121 101 111 113 121 133 93 44 43 47 51 58 54 52 50 46 46
162 160 160 166 169 158 155 153 154 162 161 159 162 157 141 113 86 87 97 102 105 105 104 104 102 105 110 114 119 120 123 124 124 126 127 125 125 128 129 129 127 125 130 130 131 129 128 127 130 127 125 130 134 131 137 156 159 156 155 148 133 121 115 118 123 127 126 127 129 131 129 127 127 127 127 127 125 122 118 115 114 108 112 123 136 143 145 149 151 155 156 154 153 153 154 155 154 153 153 150 147 145 144 143 144 140 159 207 219 223 223 168 102 110 115 126 91 46 45 46 50 55 60 55 52 47 46 47
162 160 161 170 165 152 146 144 152 163 161 161 164 157 142 115 87 87 95 101 104 105 102 104 103 106 112 113 119 121 122 125 126 125 126 126 128 129 129 129 129 128 128 130 131 128 127 125 134 143 145 149 148 161 167 173 181 179 185 185 183 179 158 134 116 115 123 125 129 130 130 127 126 126 126 126 124 120 119 114 112 108 110 123 137 144 144 145 149 152 154 154 152 154 153 154 154 151 149 148 144 143 143 142 142 141 142 182 215 220 226 213 136 107 125 90 41 42 45 46 53 55 57 56 45 44 47 47
160 161 167 169 159 144 135 137 152 164 162 162 165 158 141 113 84 86 93 99 104 102 103 104 105 106 112 117 120 122 122 125 127 125 124 128 130 128 128 130 128 125 125 126 128 128 129 141 145 153 143 145 152 166 165 169 179 180 173 170 179 184 192 193 178 142 112 117 125 126 126 128 126 126 124 124 121 119 116 114 113 107 110 125 139 145 145 144 147 149 153 154 152 151 152 149 149 148 145 145 144 141 140 140 142 141 138 148 200 220 224 228 192 125 95 45 41 47 48 51 55 52 50 47 50 48 46 45
160 165 171 163 151 131 121 137 156 165 165 164 165 158 143 112 81 83 94 97 99 100 101 100 104 106 110 115 118 120 122 124 123 124 124 127 127 126 129 126 125 130 137 143 137 124 132 142 142 142 145 150 149 153 159 165 169 174 175 176 178 183 186 190 199 200 170 121 111 124 126 125 123 125 123 123 119 116 114 113 109 106 111 124 139 145 146 144 147 148 150 152 152 148 147 146 145 146 145 144 142 140 140 139 141 141 142 134 167 216 222 226 228 148 42 42 45 47 54 54 54 53 48 50 52 48 46 48
163 171 168 157 140 109 108 140 158 167 166 165 165 159 144 113 82 81 90 94 99 98 99 100 103 105 109 113 117 118 121 120 122 123 122 125 126 126 124 129 133 144 142 134 125 122 126 135 131 132 141 142 151 152 161 163 166 168 176 179 183 185 187 189 191 193 203 191 144 110 113 121 120 121 120 121 118 115 114 110 107 103 108 123 138 146 147 144 146 148 146 150 151 152 145 143 142 145 146 143 143 143 140 141 141 142 143 139 141 192 221 225 234 118 29 45 46 49 54 53 53 46 47 55 47 46 49 54
169 174 162 150 124 85 104 140 159 167 165 164 165 158 142 113 79 77 87 93 95 97 99 101 102 104 105 109 115 116 118 118 124 123 123 125 125 123 123 151 112 121 121 119 122 121 128 134 128 132 136 138 144 148 155 156 169 173 177 185 186 184 187 187 188 194 195 198 199 166 114 104 118 117 117 118 117 115 111 110 106 102 107 124 140 148 150 146 145 145 145 144 147 152 147 140 141 143 145 143 143 143 141 141 142 145 144 144 140 157 213 233 168 42 40 44 48 55 54 56 47 44 51 49 45 47 54 43
173 169 156 139 99 74 106 137 157 168 166 164 164 155 139 112 77 77 89 93 100 101 100 100 101 102 107 110 115 113 116 118 120 120 123 124 125 122 129 122 109 121 119 122 124 121 129 133 129 133 136 132 137 141 151 160 172 175 176 179 182 183 189 191 191 193 197 196 193 206 193 126 94 102 110 113 114 113 110 108 108 102 106 123 141 150 152 150 147 143 140 139 138 146 149 143 142 144 146 144 142 142 142 143 144 144 145 146 148 147 193 165 53 40 46 46 49 52 55 49 48 53 51 45 48 65 47 26
172 164 149 119 81 78 109 137 158 168 167 164 164 155 140 110 76 78 89 95 99 101 101 99 99 101 106 109 113 115 115 119 120 119 122 124 121 130 141 109 116 111 113 119 125 125 128 128 134 137 134 135 138 140 147 154 162 166 174 181 183 187 192 191 193 196 197 196 196 194 199 199 138 105 93 107 111 110 107 107 108 101 104 122 144 152 155 154 150 143 133 129 128 138 150 147 143 145 148 144 142 142 143 145 145 147 146 149 149 160 132 50 41 45 44 53 53 51 48 43 56 54 48 50 64 59 30 84
165 156 135 95 82 82 109 139 158 167 168 166 163 156 140 110 77 79 88 97 100 99 100 100 101 102 106 110 114 116 114 118 120 120 122 121 122 138 127 109 107 110 119 116 122 126 124 131 128 133 138 136 136 140 149 150 157 169 179 184 186 185 188 191 194 196 193 188 191 196 204 216 226 219 120 86 107 106 102 104 104 100 105 123 144 152 156 155 153 147 129 112 112 128 144 149 145 145 147 144 143 143 144 145 144 146 147 149 156 147 66 41 46 44 48 53 53 47 44 54 54 48 47 63 69 33 72 156
160 146 112 82 84 84 109 140 156 166 167 168 163 156 138 108 78 78 90 95 99 100 100 100 101 103 107 111 114 115 116 120 121 123 121 121 127 126 109 109 112 118 118 119 123 122 122 125 126 132 133 134 133 141 140 150 159 169 183 185 186 186 188 191 185 182 190 201 209 212 215 211 215 234 201 84 91 103 101 101 101 97 103 122 141 152 154 154 154 150 133 101 85 106 134 148 148 143 146 145 143 144 144 145 145 147 148 151 157 87 39 44 44 49 53 52 51 44 51 56 47 46 54 77 59 66 139 163
151 128 89 84 88 86 109 139 157 167 168 167 164 154 137 110 82 80 90 95 98 100 101 104 100 102 105 111 114 115 117 119 121 121 123 125 127 110 106 112 116 118 121 121 121 117 119 127 130 137 137 135 136 139 140 150 158 167 179 181 187 193 177 173 187 204 210 209 209 207 207 209 208 215 231 165 76 92 97 99 99 95 101 121 140 153 154 152 154 148 136 100 59 78 122 140 148 146 145 146 143 144 143 145 143 145 148 161 114 39 40 41 49 55 54 53 43 48 55 46 49 59 70 69 74 132 151 149
138 102 82 90 88 86 108 138 156 166 167 166 165 154 136 109 80 79 90 95 96 101 102 103 100 102 107 108 113 117 117 121 121 121 122 126 112 107 110 113 115 120 118 118 114 118 124 127 132 138 136 138 141 143 146 147 154 164 176 182 178 165 175 199 212 209 206 202 207 206 204 207 209 212 220 230 136 71 91 94 96 94 101 120 140 154 156 154 152 150 139 108 55 53 99 128 145 149 144 145 143 143 145 145 144 146 156 138 57 51 46 47 56 54 54 48 47 58 49 46 54 67 73 81 125 154 145 139
115 86 88 93 88 85 106 138 154 164 168 166 164 156 136 108 80 81 93 99 98 98 100 100 99 103 105 109 114 117 117 119 121 122 126 117 106 113 114 114 119 118 113 111 114 126 129 128 137 138 141 144 147 141 140 144 152 169 176 160 160 191 208 203 202 208 208 202 198 203 205 211 211 211 215 225 215 102 67 84 89 90 99 122 141 153 156 153 154 151 140 109 54 42 82 116 138 148 148 144 143 143 144 145 145 150 157 81 36 49 47 52 53 53 48 43 57 52 48 51 55 68 85 122 148 148 141 156
91 85 90 92 90 85 106 135 153 163 166 167 164 155 137 110 80 79 91 98 100 100 99 99 101 104 105 109 114 118 116 119 121 126 126 113 115 112 111 116 118 115 117 117 121 127 128 131 137 135 140 144 142 137 140 145 158 166 144 164 196 205 202 205 202 201 196 197 202 201 202 203 204 208 209 212 221 211 137 70 80 86 95 121 141 153 155 154 153 152 140 107 56 43 60 97 126 142 149 145 142 142 144 145 148 158 115 41 38 43 55 58 55 50 42 53 55 45 53 56 60 69 119 147 150 141 156 165
86 90 91 92 91 87 105 135 153 163 166 167 164 155 137 111 81 77 89 95 98 99 100 99 102 102 105 110 114 117 119 120 118 131 117 104 113 115 112 114 115 116 119 121 129 130 131 139 141 138 139 139 136 133 140 140 141 147 178 201 194 196 197 200 197 198 197 198 201 204 205 206 207 208 210 210 212 219 231 149 62 77 92 119 141 153 155 154 153 155 138 107 61 42 40 66 108 133 146 148 143 141 145 147 154 141 56 37 43 48 56 55 55 47 48 57 47 51 55 53 61 107 144 145 143 154 166 163
87 92 93 92 91 89 109 136 153 162 165 164 162 155 138 110 82 77 90 95 96 99 102 99 99 101 104 109 113 117 119 112 131 141 99 104 108 115 113 113 113 113 119 123 130 132 143 142 134 142 141 138 133 132 132 128 155 178 195 199 192 192 190 189 190 196 203 203 204 205 206 206 208 206 208 206 210 211 217 225 102 59 89 117 138 152 154 154 154 151 138 111 63 43 43 44 80 121 139 144 138 137 142 149 155 86 37 45 47 52 55 55 52 46 56 48 48 54 52 51 94 148 145 136 148 164 165 164
91 92 92 92 90 87 105 136 154 162 164 163 164 158 139 110 81 79 88 93 98 99 101 102 100 102 107 110 114 115 116 104 162 135 96 109 109 111 112 115 117 119 123 124 128 139 139 132 134 140 141 134 128 114 128 163 192 193 185 189 194 187 187 191 194 198 201 205 204 204 204 206 204 204 204 204 206 214 215 228 194 75 75 114 138 150 153 155 154 152 138 110 65 45 46 40 51 84 113 150 164 143 144 153 117 43 44 46 52 55 53 56 49 53 53 48 57 52 37 77 142 150 136 144 161 162 161 163
93 91 90 90 88 84 103 136 153 163 165 163 164 158 139 113 81 78 88 94 94 98 100 101 100 106 108 109 112 115 108 116 189 114 102 105 108 112 113 110 118 120 125 130 134 137 138 133 135 140 131 123 113 131 175 191 185 186 190 184 178 182 193 200 198 196 199 204 204 202 202 202 200 200 206 210 206 210 212 218 238 137 59 114 138 150 152 153 153 154 140 110 65 45 47 45 27 69 178 212 208 195 207 171 54 41 48 50 56 54 55 57 53 53 47 56 52 42 61 128 153 138 141 160 162 160 159 158
90 90 88 89 90 83 101 134 153 163 164 163 163 157 139 111 76 75 85 89 95 96 96 96 99 102 105 106 110 112 97 148 188 104 101 106 110 114 114 114 117 119 128 133 138 132 132 133 137 128 108 115 147 179 183 188 176 175 182 183 184 187 193 196 195 196 197 197 198 195 198 204 206 205 203 208 207 208 208 211 229 193 67 103 138 149 153 154 154 153 139 108 64 45 42 27 80 198 212 197 208 223 230 219 68 38 47 53 55 56 55 50 54 51 51 59 46 45 113 154 143 141 159 165 160 159 158 158
89 90 92 94 93 86 103 133 151 163 167 165 163 157 138 108 75 72 82 92 96 99 99 98 99 101 105 105 112 113 98 179 177 107 99 107 107 115 114 117 117 125 132 126 123 120 133 134 127 112 117 158 182 179 166 172 179 175 173 180 188 187 191 192 194 196 189 188 193 201 202 205 201 200 199 202 206 205 205 207 215 230 128 86 137 151 155 155 155 153 139 105 59 34 30 116 213 193 190 217 221 221 221 243 125 30 48 52 55 53 49 51 49 48 54 54 46 88 149 148 140 155 161 161 160 159 158 158
92 93 93 96 96 89 102 132 152 164 167 167 165 156 138 107 77 75 82 94 98 99 101 101 100 102 105 108 113 113 110 199 163 97 100 105 111 109 108 117 123 131 123 118 124 130 128 127 109 119 166 181 171 164 169 170 175 180 182 177 190 191 186 188 189 185 189 198 197 198 193 200 200 199 202 205 206 205 207 206 207 220 204 100 125 152 157 157 156 151 135 100 36 40 151 215 176 192 221 214 210 209 207 238 156 31 47 51 53 50 48 47 44 51 56 49 62 137 155 142 150 161 158 158 159 158 158 158
95 96 98 98 98 95 104 133 151 164 168 168 166 159 142 109 80 77 87 95 98 100 101 102 101 105 107 109 114 105 121 207 154 100 101 107 101 105 117 122 125 121 118 121 136 134 130 110 123 166 170 164 165 164 168 179 182 175 181 189 183 184 189 177 176 187 192 200 196 195 196 194 201 201 196 196 197 200 203 203 206 206 218 184 132 145 154 155 155 149 122 71 90 185 210 179 201 218 211 205 201 205 212 237 156 30 51 57 51 45 46 46 50 53 45 41 107 158 145 147 160 160 158 158 157 157 155 158
98 98 100 100 98 94 104 133 152 164 167 167 168 162 143 111 81 79 88 96 100 101 102 105 101 103 109 110 116 102 141 210 134 102 96 102 107 116 112 117 118 118 126 129 126 126 110 123 163 158 153 152 163 165 171 177 180 185 176 179 184 180 170 173 183 191 185 191 196 194 197 198 202 187 168 193 201 202 202 202 200 199 205 220 196 145 153 153 151 136 122 157 211 197 185 210 215 205 203 201 204 210 215 235 141 32 51 52 55 51 46 49 55 53 29 70 149 152 144 157 162 159 157 156 156 157 155 155
99 101 100 100 99 96 108 135 151 162 167 170 169 163 143 113 80 79 88 95 100 101 102 102 100 100 105 109 113 94 158 196 127 110 99 105 106 101 108 115 115 126 126 119 119 111 126 160 155 148 147 147 153 172 177 176 173 170 180 181 177 169 172 186 183 182 185 186 187 193 199 202 186 173 190 194 198 198 199 200 198 196 196 199 212 170 150 147 143 169 202 205 186 194 212 209 202 202 202 203 208 214 216 233 111 34 54 48 52 50 43 48 53 46 49 122 157 146 151 162 160 158 157 156 157 156 154 154
100 99 99 100 100 97 111 136 154 164 169 172 173 166 145 112 80 80 92 95 99 100 101 101 100 101 105 107 107 91 178 187 134 114 104 106 104 102 109 108 118 119 117 122 114 137 153 147 147 148 141 152 164 165 175 170 165 170 179 175 158 178 178 174 181 178 177 177 183 189 177 180 179 186 185 187 192 196 194 190 193 195 188 188 197 186 144 163 189 205 194 187 205 210 202 200 201 203 204 204 207 213 220 225 84 41 56 52 50 44 45 49 54 57 95 149 148 147 159 160 160 158 157 158 156 155 154 153
100 101 100 99 100 99 111 134 155 166 171 173 174 167 147 113 81 78 91 93 98 101 100 98 99 100 102 106 102 96 198 186 142 117 102 106 105 108 112 116 119 118 127 114 132 151 150 141 143 135 147 159 164 161 157 170 179 173 159 164 177 173 176 177 173 174 179 187 188 177 175 184 190 181 189 192 192 190 186 184 188 187 185 183 183 193 185 203 195 188 201 207 206 202 199 200 203 205 205 198 204 212 224 212 57 43 50 53 51 43 48 52 59 79 134 152 144 154 162 160 159 158 156 157 155 155 154 155
100 98 98 97 99 99 109 133 155 168 173 175 173 167 145 113 80 77 88 95 97 99 99 99 98 99 102 106 97 106 208 182 147 128 118 111 104 108 111 112 122 126 115 124 152 142 143 143 131 146 151 152 149 155 172 173 169 161 165 175 173 173 174 174 176 170 173 179 181 184 183 179 182 192 188 189 185 178 174 184 184 180 171 166 189 192 188 191 198 209 208 197 200 200 198 200 203 206 195 186 205 210 227 176 35 44 47 52 49 45 54 51 54 113 153 146 148 160 161 160 159 158 157 158 157 156 156 157
97 99 99 97 99 96 107 133 155 168 173 173 173 166 145 115 81 80 91 95 98 101 98 99 98 99 103 105 97 111 209 179 153 139 131 115 105 106 107 114 118 105 130 144 144 144 137 126 146 153 154 140 144 155 169 166 151 169 179 165 166 175 178 172 167 171 168 171 177 174 178 185 179 187 188 177 180 182 175 176 178 162 172 192 190 183 194 204 205 204 197 197 200 199 200 203 205 203 165 168 197 197 224 119 32 48 48 54 49 46 53 47 70 144 152 145 158 161 162 160 161 159 158 159 157 158 157 157
97 97 96 97 97 97 108 136 157 169 172 172 172 165 146 113 82 80 92 96 99 100 99 99 98 99 101 104 95 112 206 177 162 148 138 126 107 93 106 118 108 124 146 135 143 136 119 145 152 145 147 151 151 146 151 150 172 173 164 169 169 165 168 165 165 165 166 161 165 173 175 178 186 178 177 174 171 184 174 156 168 183 191 187 192 203 203 199 193 193 196 199 200 200 202 204 208 175 156 173 151 183 201 60 43 56 52 47 45 47 48 71 118 153 145 152 160 161 160 159 160 158 158 158 158 159 157 156
98 95 95 95 95 96 108 137 157 168 171 171 171 165 148 114 81 79 91 97 99 99 97 98 98 100 102 102 89 118 204 174 160 150 139 132 106 100 107 104 128 145 131 139 130 119 140 145 146 142 142 145 154 149 147 163 158 158 170 166 165 163 161 168 160 160 160 164 167 173 172 166 175 174 169 172 166 165 163 174 185 183 187 200 207 200 194 192 192 194 199 201 201 202 204 211 194 155 173 149 149 197 160 31 43 54 52 41 51 48 57 98 150 149 146 158 161 161 159 157 158 159 158 156 157 158 156 157
97 96 94 96 94 96 112 137 157 168 172 171 172 167 149 117 82 80 91 97 98 98 98 98 98 100 99 101 83 129 205 180 164 151 141 135 119 108 102 125 142 135 136 124 119 141 146 143 139 133 138 151 142 146 162 158 158 161 159 151 153 163 168 154 152 163 166 166 164 165 168 167 161 163 167 161 154 164 183 183 182 194 200 196 189 190 193 196 196 200 203 203 202 204 208 210 163 164 162 156 154 208 108 32 51 50 50 50 53 49 69 130 155 143 153 159 160 158 157 156 158 158 157 156 158 156 157 157
96 98 97 96 98 102 114 137 156 168 172 172 172 166 151 117 80 76 89 95 97 97 95 98 98 98 99 100 79 135 212 188 174 162 147 147 129 97 118 139 127 136 126 120 140 140 144 138 129 130 152 139 140 163 154 139 136 144 153 140 135 117 123 167 167 163 157 159 167 163 159 161 166 160 149 153 179 184 179 188 200 197 187 185 188 194 196 197 200 203 203 203 203 205 214 187 161 153 128 110 163 207 49 39 53 53 50 59 56 51 93 152 148 147 158 159 158 157 156 156 157 157 156 156 157 157 156 155
99 98 97 98 99 104 114 137 156 169 172 173 172 168 151 115 78 75 88 97 98 97 97 98 98 98 100 99 78 132 215 192 174 161 154 155 138 113 125 126 134 125 115 138 143 138 134 124 133 145 134 141 155 138 113 129 119 105 108 112 155 155 118 131 141 149 153 153 143 152 140 103 124 151 154 181 175 179 199 199 195 191 192 193 195 198 200 200 202 204 203 202 204 215 210 166 130 94 85 127 221 146 26 44 50 46 47 56 51 62 128 154 145 154 160 159 159 157 156 156 156 156 155 155 156 155 153 154
99 98 98 99 101 103 118 140 157 170 173 174 173 168 151 116 79 75 86 95 96 100 100 100 99 99 99 99 77 128 216 194 187 167 142 150 144 113 118 124 121 112 135 139 137 130 121 131 136 132 136 147 143 124 139 123 110 95 74 82 161 164 136 116 101 90 106 101 87 70 65 59 49 167 174 163 182 197 198 193 195 196 193 192 196 200 201 200 202 204 204 211 211 191 145 103 81 87 119 195 206 53 38 50 48 44 49 54 46 92 150 146 147 160 161 159 159 159 156 157 156 155 155 154 154 154 155 153
99 103 100 98 102 108 118 140 159 171 172 173 174 168 152 118 79 75 87 95 97 99 99 100 98 99 101 100 85 111 211 198 198 170 127 130 127 107 120 120 105 130 138 135 130 124 132 134 130 131 146 137 114 138 124 110 109 117 97 91 111 124 100 68 71 95 72 65 49 41 35 55 134 162 167 198 202 196 194 193 196 194 192 194 197 199 200 197 202 212 207 171 127 96 88 82 95 123 181 212 102 34 50 51 50 48 55 44 48 126 152 142 156 163 160 160 160 159 158 157 155 154 154 155 154 154 154 154
101 103 102 96 101 108 118 139 158 171 171 172 173 168 152 116 79 77 88 96 97 99 98 101 99 100 99 97 89 90 201 205 201 173 121 131 138 124 115 106 124 138 137 128 120 130 136 129 128 141 135 116 130 130 115 120 100 85 67 61 82 112 97 93 105 81 62 81 49 29 59 155 150 167 194 196 195 194 192 191 193 193 192 193 195 196 199 206 213 181 112 86 79 84 100 115 146 194 190 72 35 47 52 48 47 51 57 42 76 147 146 148 163 164 161 160 160 159 158 157 157 157 155 154 155 154 153 153
106 105 101 98 100 105 117 140 156 170 171 171 172 167 152 117 80 76 88 94 96 98 97 101 98 99 99 97 97 79 176 208 199 174 131 141 149 130 103 118 135 137 128 120 127 134 128 128 141 137 113 125 137 103 82 86 77 55 49 73 117 100 57 87 97 89 56 79 24 75 162 138 162 197 180 183 192 191 189 186 190 190 192 193 193 201 208 177 136 125 94 93 103 124 150 163 186 197 78 33 50 53 53 45 43 57 60 54 115 153 144 157 166 163 162 161 161 160 159 158 157 156 156 155 155 155 154 151
107 104 104 102 99 103 116 139 156 168 171 171 171 168 152 119 80 76 86 94 96 98 99 99 99 99 98 100 102 77 135 213 192 190 153 138 146 114 113 135 137 123 114 129 129 126 121 130 133 145 122 122 85 64 81 66 54 51 50 111 107 48 66 95 82 58 44 76 93 155 138 180 198 181 180 186 184 186 185 186 189 191 191 195 208 185 126 91 99 136 145 146 161 170 167 179 198 78 31 52 55 55 51 48 47 56 46 73 142 147 146 164 164 165 164 162 162 160 159 159 157 155 155 154 156 155 153 151
107 105 103 101 101 103 115 138 157 169 172 171 172 168 151 121 80 75 89 93 96 96 99 100 97 98 98 102 104 88 104 209 201 191 171 163 131 106 130 138 128 110 124 126 125 121 133 130 104 120 115 71 68 81 61 50 59 37 80 93 51 65 109 105 63 60 53 130 146 138 183 200 182 178 183 182 180 178 179 186 190 191 193 198 138 78 74 120 108 128 163 169 169 165 188 200 89 31 48 51 54 54 50 45 52 52 46 103 151 142 155 166 165 165 165 162 162 161 159 159 157 157 157 156 155 154 154 152
107 107 105 101 100 101 111 135 157 170 171 172 173 168 153 122 78 73 87 92 95 96 97 97 97 97 98 104 106 102 82 163 221 186 165 179 113 122 132 126 112 127 127 120 121 131 133 130 91 72 74 74 83 63 50 89 43 49 90 52 49 74 78 74 79 81 89 146 135 190 199 189 184 180 181 181 173 177 177 188 192 189 192 149 60 78 98 112 126 116 145 162 170 196 173 71 32 46 49 53 57 56 50 46 51 50 64 126 141 142 164 166 165 165 164 163 163 162 160 159 158 158 157 157 156 153 153 152
109 108 106 103 99 96 108 134 156 169 172 173 174 168 153 120 78 75 85 91 95 98 98 97 99 97 101 104 106 106 95 95 202 201 185 169 126 129 131 118 121 132 131 123 123 129 123 110 95 81 73 89 56 35 73 95 33 63 76 52 63 51 72 66 96 119 109 124 194 197 191 186 182 179 182 176 170 183 183 185 184 184 193 170 100 86 103 98 129 118 136 172 194 147 51 36 46 51 53 52 57 51 46 47 54 54 90 135 126 148 169 167 164 164 162 163 164 162 161 160 159 159 159 157 156 155 153 152
108 107 103 102 100 94 103 133 156 169 173 173 175 170 153 121 79 72 84 90 95 96 96 97 98 99 101 105 109 110 107 82 148 213 197 167 130 121 113 116 133 123 115 125 127 123 116 76 71 78 94 82 52 43 77 77 55 64 48 56 70 68 75 77 93 120 129 171 185 183 186 177 175 176 175 175 175 179 183 188 190 194 200 193 139 83 93 98 96 135 140 169 117 36 42 48 47 56 56 55 56 46 45 52 51 61 113 132 126 160 169 166 164 164 163 164 161 162 162 160 161 160 158 157 156 155 153 152
108 106 104 102 100 92 100 131 153 168 173 172 175 171 154 123 78 72 84 90 95 98 98 96 97 98 101 105 111 113 110 90 128 222 204 180 125 123 111 121 121 118 128 135 113 119 101 70 61 54 79 74 63 56 62 92 80 39 47 49 50 38 55 97 79 115 153 172 178 182 177 168 172 176 175 173 171 177 195 197 195 197 197 199 164 102 61 74 83 114 146 145 83 39 43 46 55 55 58 59 54 44 45 53 49 81 133 125 134 163 167 165 165 163 162 164 163 162 162 160 162 160 158 158 157 156 153 152
106 105 106 102 98 91 99 130 153 168 172 174 174 170 153 123 80 73 87 94 97 99 101 100 99 98 101 107 113 114 112 93 129 221 214 139 107 121 123 117 111 135 136 130 101 61 65 73 46 43 66 76 82 60 57 75 114 56 51 45 39 41 104 101 125 155 181 182 189 185 167 162 171 182 164 166 180 193 199 200 197 198 200 198 174 113 68 45 76 98 145 150 73 44 46 48 54 58 60 61 51 45 47 49 49 109 139 126 148 158 164 166 165 165 161 162 163 163 163 161 160 159 159 159 158 156 155 151
104 106 103 101 101 93 99 131 153 167 172 173 174 169 155 124 81 74 85 94 97 99 101 101 99 101 104 104 111 116 114 101 114 219 199 108 106 114 115 117 129 119 114 116 94 41 75 51 43 48 52 73 74 66 67 42 111 87 58 34 32 117 123 146 165 142 179 183 190 175 161 162 180 169 162 176 187 194 197 201 200 204 207 207 189 127 75 40 58 84 154 151 55 45 49 50 54 56 63 58 46 45 50 46 70 133 134 138 154 150 154 159 163 164 163 162 161 162 164 161 160 159 157 158 158 156 155 151
103 104 104 102 99 94 98 131 154 167 172 174 175 171 155 126 84 73 84 92 99 101 103 103 101 101 99 118 128 112 115 111 97 198 186 105 120 108 114 132 125 98 84 71 65 59 82 40 56 57 47 55 63 61 86 64 84 66 32 28 106 135 148 180 160 147 168 183 183 170 169 170 161 158 172 183 190 197 199 201 202 207 209 211 200 149 88 46 45 64 134 161 64 49 52 56 56 58 64 54 44 51 54 41 93 144 131 153 159 152 151 150 152 153 156 160 160 161 162 161 160 159 158 157 156 156 155 151
106 106 101 100 99 92 100 129 153 168 173 174 174 172 153 124 86 77 87 96 101 103 104 102 100 100 102 124 117 115 117 118 104 149 196 112 113 118 124 129 130 108 75 56 44 50 75 47 60 53 52 52 54 53 94 89 85 97 22 94 138 145 182 177 171 154 169 193 184 168 167 154 156 168 174 188 193 196 200 202 203 208 210 212 206 164 97 53 34 53 117 165 75 50 54 55 59 62 64 51 45 52 50 50 121 141 137 163 162 157 154 151 149 148 150 150 150 153 157 160 160 159 157 155 155 154 152 151
105 104 100 99 96 90 97 128 152 168 173 175 175 170 155 125 84 80 92 96 99 101 102 103 102 103 104 115 114 118 120 120 116 118 178 124 113 133 131 132 104 64 54 79 44 41 76 57 60 56 49 56 63 49 72 63 54 94 76 138 135 171 175 189 180 142 170 194 167 160 156 158 168 172 175 186 194 197 200 204 204 207 210 213 212 178 112 65 41 45 99 166 82 45 55 58 59 59 60 51 49 55 43 75 144 135 147 167 163 163 159 157 155 153 152 150 146 145 146 149 151 153 154 153 152 154 153 150
103 102 101 99 98 91 96 130 152 169 174 175 176 170 156 124 83 77 89 96 100 102 103 105 103 103 106 112 117 116 115 113 114 122 115 117 128 136 128 118 66 59 47 77 56 49 46 74 77 46 47 61 64 55 56 79 23 73 133 129 167 159 171 188 186 155 180 177 156 158 160 164 172 174 178 182 192 197 198 198 202 205 209 211 212 192 126 80 44 41 84 165 90 46 55 58 61 64 54 48 53 50 46 110 142 135 156 165 161 161 160 164 163 163 158 156 150 145 148 145 144 143 144 148 151 153 152 151
102 102 99 97 98 92 96 130 155 168 173 175 176 172 154 123 84 76 87 95 101 101 103 103 102 103 107 112 116 119 120 116 136 128 125 144 115 129 127 99 61 77 37 94 48 48 73 88 54 42 50 61 54 74 64 62 41 110 113 168 170 163 165 189 186 187 163 137 154 167 169 171 175 178 177 179 187 194 196 196 199 202 205 209 210 202 138 74 42 41 66 161 108 54 65 59 63 64 51 51 55 46 65 131 136 138 161 163 162 160 160 162 165 166 163 158 155 151 148 146 143 143 143 142 143 146 147 150
101 100 99 100 99 93 96 128 153 167 175 176 177 171 156 124 83 77 88 94 100 103 102 102 101 103 106 113 118 120 113 154 155 69 45 108 162 119 102 62 88 56 58 100 37 52 61 54 44 48 55 62 57 75 63 36 100 121 159 177 184 160 164 193 198 153 97 99 107 109 129 159 181 182 177 176 180 192 195 191 194 199 204 213 205 174 109 51 41 40 58 150 127 53 64 59 67 61 48 52 54 44 87 140 131 148 163 159 159 159 158 158 161 162 162 158 155 156 154 151 148 149 146 142 142 141 139 137
103 102 102 101 100 94 94 128 153 168 174 176 177 173 156 125 82 79 88 95 100 104 101 101 102 102 105 112 117 119 125 156 124 36 31 122 147 92 69 68 86 44 85 98 35 57 63 65 59 45 39 71 83 69 41 69 133 144 176 184 186 152 183 197 151 131 148 150 135 96 71 78 115 164 175 171 176 188 192 188 191 195 188 158 123 100 95 75 46 43 49 136 146 52 63 66 64 53 49 51 56 48 108 140 131 157 163 159 158 157 157 156 156 158 160 157 154 155 155 155 155 154 151 146 143 141 137 133
101 103 105 102 100 90 93 127 152 168 175 174 178 174 157 127 84 79 89 96 102 103 102 100 99 101 104 105 106 129 156 146 148 113 90 119 105 64 57 94 67 80 66 80 55 61 48 61 85 33 42 44 73 57 39 121 146 177 176 199 170 173 194 130 111 126 120 111 145 113 111 95 85 118 159 164 170 186 194 189 189 176 131 99 94 102 109 87 62 44 47 128 149 61 57 65 64 51 51 53 52 64 127 133 138 162 160 159 157 157 156 154 155 157 158 156 155 153 154 155 156 157 154 150 150 143 137 133
101 102 101 100 98 87 91 128 152 168 176 177 177 172 158 128 85 75 86 93 100 103 101 100 99 99 95 116 146 145 154 155 159 147 131 57 52 69 91 99 69 102 49 61 63 65 48 37 91 69 39 45 40 32 94 136 171 174 193 195 184 184 100 72 73 62 55 49 53 42 78 126 129 124 141 155 163 188 196 197 190 130 87 66 51 55 60 65 59 40 49 123 152 73 57 67 57 48 50 55 41 78 142 131 148 161 158 156 155 156 156 155 155 156 157 155 153 153 154 153 155 156 152 147 147 145 141 137
97 97 96 94 93 82 84 123 151 168 175 177 178 171 155 127 83 73 85 90 97 100 98 97 97 86 109 190 169 136 153 147 132 76 57 32 87 84 89 76 86 110 52 56 55 82 56 35 49 102 70 48 33 55 129 160 178 178 197 196 185 96 56 50 48 48 41 70 125 69 29 76 134 129 138 148 162 188 206 206 115 49 49 81 85 45 54 57 49 43 47 116 154 75 63 66 51 47 51 54 42 100 145 137 158 159 156 154 153 153 154 156 154 155 155 154 153 155 153 151 151 151 146 144 140 140 139 135
98 97 95 93 88 79 80 123 152 171 177 177 179 174 154 126 82 76 90 97 98 98 99 98 96 84 115 189 150 137 153 135 118 57 43 81 68 68 51 60 108 97 46 48 39 70 80 40 43 48 57 56 40 104 141 178 173 188 203 197 113 71 50 55 80 64 58 79 196 185 86 83 112 121 133 143 160 192 222 152 50 53 64 116 156 66 45 52 49 47 51 109 157 82 73 65 49 49 52 46 58 127 142 144 160 157 158 154 153 153 152 153 153 152 153 153 152 152 150 148 149 146 142 140 135 132 130 132
100 98 98 95 90 78 78 122 152 170 178 178 181 175 156 126 87 79 92 99 103 103 102 110 102 60 67 127 161 213 151 70 50 34 80 74 55 71 62 84 109 103 44 48 46 52 81 44 46 48 39 35 71 111 153 165 180 201 199 131 111 116 81 57 111 90 71 126 210 209 140 107 112 116 127 140 165 206 210 114 104 87 76 125 168 81 43 46 45 46 59 102 163 83 82 59 50 52 54 43 74 141 138 150 159 156 156 153 152 152 151 153 153 153 153 152 152 148 148 147 145 141 139 134 127 131 142 159
101 99 98 94 90 77 77 121 151 169 178 179 180 176 157 127 91 84 94 103 108 109 110 69 56 92 127 169 197 178 79 54 46 90 97 48 61 81 81 101 104 119 63 51 45 44 51 53 47 50 35 45 113 144 174 177 202 195 128 115 128 142 136 98 105 125 132 181 197 182 152 130 125 120 128 136 166 216 202 116 127 127 136 176 138 65 56 55 51 53 61 92 169 88 83 55 47 49 55 45 97 142 138 156 157 155 153 151 150 154 159 153 153 154 152 151 149 147 145 142 139 139 132 133 148 164 176 185
103 103 101 93 87 78 76 121 153 169 177 181 183 179 160 130 90 84 98 105 111 113 118 50 105 159 143 146 124 48 39 97 102 90 75 34 70 85 70 92 122 120 98 53 42 45 47 47 51 45 26 87 124 170 174 194 201 120 108 136 137 142 146 142 131 116 122 132 126 153 167 147 123 127 128 134 161 212 210 161 142 135 129 111 72 72 79 56 48 58 63 82 175 101 76 53 47 51 53 63 125 136 143 159 155 154 153 151 149 152 156 152 151 153 152 148 146 142 139 138 134 135 147 166 181 187 189 188
102 101 96 89 85 74 71 118 151 169 177 181 184 180 162 132 90 82 95 103 110 106 121 146 156 137 81 76 75 46 47 54 116 125 103 53 56 76 93 83 104 127 97 53 48 47 47 49 48 33 50 126 139 174 182 206 121 90 128 139 149 150 150 149 146 140 137 142 149 159 156 149 127 135 129 129 158 207 215 173 153 136 128 118 98 103 89 57 44 55 61 79 177 110 67 52 47 57 46 71 138 131 150 159 153 154 151 151 152 151 149 150 150 151 148 146 143 141 138 132 137 161 182 190 191 190 189 188
99 93 89 83 81 67 64 114 151 167 177 181 183 180 161 132 90 82 94 103 109 106 110 135 128 99 83 90 56 49 74 88 95 85 87 38 55 79 73 120 92 97 97 47 46 46 44 51 50 36 104 122 166 184 210 133 78 118 127 139 151 156 163 163 163 160 161 169 171 168 168 148 136 138 129 128 154 202 216 187 166 155 142 131 122 116 98 62 47 60 59 73 178 116 62 51 47 51 40 90 139 135 155 157 155 152 151 150 151 151 149 150 149 148 146 144 142 140 131 138 171 193 196 193 191 189 189 190
93 91 86 82 78 64 65 112 150 167 176 180 182 178 161 132 90 81 94 99 108 121 131 131 146 122 120 72 55 71 94 109 100 100 56 36 51 92 91 102 114 125 95 75 55 48 45 48 41 67 126 136 184 204 154 57 103 120 127 138 148 156 166 169 175 173 173 173 171 173 162 146 143 137 130 126 146 197 220 188 171 156 143 135 128 122 104 62 49 62 57 63 177 126 51 50 49 50 47 115 137 141 160 156 154 152 152 150 151 152 149 148 147 146 143 141 139 133 137 172 194 198 197 193 190 189 190 191
88 89 81 81 75 63 63 114 150 168 176 179 182 178 160 132 88 80 91 107 126 136 139 136 94 70 68 56 64 84 93 113 120 71 45 46 43 50 81 99 83 39 108 126 60 46 48 47 38 111 124 165 199 186 51 69 112 122 127 137 147 155 164 172 176 177 177 175 176 173 162 151 147 140 133 128 141 192 222 190 165 160 145 134 130 127 107 60 52 65 60 58 165 140 51 44 51 45 58 133 136 149 161 155 154 153 151 151 150 151 148 146 146 145 143 139 134 133 166 191 195 196 195 194 191 191 195 198
83 79 76 76 73 63 62 111 149 168 176 179 180 177 160 131 89 80 92 106 111 117 111 81 91 91 78 61 97 69 107 119 75 59 45 49 50 49 55 60 57 35 109 138 72 35 44 34 63 130 141 192 200 85 37 84 115 123 127 134 144 150 159 170 176 180 180 174 174 168 158 149 147 141 131 128 140 187 224 194 164 160 149 138 130 129 100 56 50 65 62 51 155 149 56 41 59 42 76 141 139 158 159 153 154 153 150 150 149 147 148 147 145 144 141 137 128 152 189 195 193 194 195 194 194 198 202 203
78 75 75 72 69 60 60 110 150 165 174 175 176 174 160 133 88 80 96 100 102 114 108 122 102 93 93 99 76 51 85 115 72 56 51 54 50 47 53 59 53 47 98 123 135 46 36 32 104 122 170 214 137 34 56 80 114 123 130 134 142 149 154 160 170 176 178 174 170 165 155 142 140 138 127 127 141 174 221 198 162 157 149 140 131 126 91 50 48 64 61 43 153 158 73 38 61 46 102 141 145 168 157 155 154 152 151 149 147 147 145 144 144 143 139 130 136 178 195 195 193 193 194 197 202 205 205 204
77 75 77 74 68 56 58 111 148 165 174 172 177 173 157 133 86 74 118 99 119 143 126 65 91 123 95 62 73 77 94 129 93 56 63 53 41 40 55 79 56 61 135 105 120 113 24 56 124 130 208 190 46 44 62 76 107 122 129 133 140 149 155 159 165 172 172 172 168 163 153 138 134 134 125 124 135 168 217 205 160 155 147 139 132 124 79 44 54 70 62 38 141 156 90 39 53 51 124 139 150 163 157 156 154 152 150 149 146 146 145 143 142 141 136 130 160 193 196 192 192 193 197 204 209 208 203 201
79 77 76 72 66 54 54 109 148 165 173 173 176 174 158 131 85 71 109 129 130 129 94 63 122 95 81 61 97 96 110 123 108 61 54 50 36 41 73 101 63 96 155 152 60 78 21 96 123 169 213 81 26 52 69 74 107 122 128 131 137 145 151 157 160 161 166 167 165 162 150 136 131 130 123 121 132 162 209 218 160 153 147 138 132 117 64 43 56 74 62 34 130 164 97 37 45 67 137 139 155 160 156 152 155 153 152 150 147 147 145 143 140 140 132 141 183 197 194 193 193 198 205 208 209 208 204 204
81 78 75 73 63 50 49 106 147 166 173 175 177 175 160 132 86 70 87 117 113 128 97 75 92 94 80 80 99 87 91 131 96 58 40 53 47 44 73 76 120 115 86 94 43 35 53 114 128 197 127 27 38 56 81 75 103 119 127 132 136 142 149 151 153 156 161 163 162 156 145 128 123 133 126 121 132 154 201 226 161 150 148 135 130 105 48 45 58 74 61 32 115 164 116 41 40 93 144 141 159 157 154 151 151 151 152 149 148 148 146 144 141 137 130 164 195 196 194 193 198 206 209 206 205 207 207 207
84 81 78 72 64 50 47 106 147 167 174 175 178 177 161 132 86 85 121 114 108 118 78 76 98 99 75 71 98 62 97 122 95 75 51 58 49 40 75 100 83 114 74 41 35 53 149 134 135 174 79 33 39 59 88 73 105 121 127 130 136 142 145 150 151 156 158 160 160 152 143 115 125 143 146 135 126 153 199 223 157 145 144 132 127 82 39 48 57 74 60 32 96 169 132 49 36 117 148 146 159 155 154 150 150 149 149 150 149 148 147 145 140 132 140 183 198 195 194 196 204 208 207 204 204 207 208 207
85 81 78 74 67 55 56 113 147 165 172 174 177 177 161 133 99 94 98 96 111 115 74 77 117 101 45 97 94 56 94 120 112 93 59 54 64 35 54 55 65 101 40 40 24 100 189 182 186 111 34 40 42 58 92 79 106 120 126 129 135 141 144 149 152 152 156 158 158 154 144 121 134 111 92 117 118 135 184 196 150 147 142 133 114 51 42 50 60 70 58 37 79 168 134 54 47 133 147 152 159 154 153 150 150 150 150 147 148 147 145 143 139 130 154 192 197 194 195 202 205 205 206 207 207 209 209 207
80 78 78 75 68 64 74 124 153 165 172 174 177 177 162 135 92 71 88 100 112 104 83 83 103 78 54 117 80 72 93 114 131 101 57 44 81 68 31 44 117 71 45 52 48 130 166 192 133 28 46 46 42 60 101 87 109 118 124 129 133 140 145 148 149 151 154 157 159 155 149 133 125 111 103 108 104 121 170 177 153 145 138 134 86 44 48 51 65 72 59 42 62 161 142 61 74 147 146 154 157 153 151 150 149 151 149 147 146 144 144 143 138 133 167 196 196 196 201 207 207 206 207 210 210 210 208 207
79 78 77 75 69 73 89 132 155 166 169 171 177 179 162 135 90 76 92 98 113 114 57 78 72 48 102 76 79 80 101 101 122 133 75 27 94 145 32 53 82 54 87 122 141 103 138 169 41 41 64 55 39 64 108 88 113 120 125 127 131 136 143 146 146 149 153 155 158 157 154 148 137 133 141 140 141 181 190 169 153 144 136 123 57 46 48 54 73 79 61 47 50 153 142 70 94 152 146 157 156 154 152 151 149 149 149 148 146 145 143 141 134 137 179 197 195 198 205 208 207 207 208 211 210 209 207 209
79 75 80 76 67 68 97 136 157 165 169 173 178 178 164 137 92 76 91 95 117 136 58 69 77 108 77 46 73 82 103 108 100 132 114 55 80 109 60 50 62 127 137 177 117 101 183 85 42 55 56 59 46 63 108 93 113 124 125 127 132 138 141 142 144 150 154 155 158 157 154 151 148 141 155 184 170 199 194 167 148 141 138 95 46 49 49 60 77 76 65 56 41 139 143 83 119 149 148 157 154 153 151 151 148 148 148 147 147 146 143 140 132 144 185 196 196 201 208 208 206 206 208 209 210 210 211 211
74 72 72 73 63 65 99 137 156 166 169 171 178 178 164 137 92 74 85 102 136 115 65 78 115 74 57 54 69 71 76 100 86 120 128 83 102 66 47 53 116 156 184 156 77 138 110 30 53 48 55 64 47 55 106 97 111 122 127 129 132 138 141 140 142 145 149 150 151 155 150 149 149 149 172 205 177 196 195 163 145 142 130 59 46 48 50 64 78 72 65 53 35 125 144 97 135 146 151 156 154 152 150 149 148 148 144 145 145 146 142 140 131 150 190 196 199 207 209 207 207 207 208 208 211 210 211 211
72 70 69 69 65 70 94 133 155 165 170 173 177 179 166 138 91 72 86 125 117 109 67 101 95 43 72 70 67 77 66 88 71 100 128 127 88 32 84 106 115 166 181 96 110 129 34 59 55 49 54 70 49 48 101 95 104 121 127 128 132 137 141 141 139 139 143 147 146 147 147 146 152 157 179 209 189 202 198 163 138 144 102 41 52 49 52 65 79 70 63 55 35 116 144 106 140 146 153 155 154 153 150 148 148 148 147 146 145 145 142 136 128 155 192 198 204 209 208 207 209 208 207 209 212 211 211 212
65 61 67 69 64 68 91 133 157 167 171 173 179 180 166 138 92 66 114 112 103 112 52 86 87 54 65 62 79 93 82 74 86 67 95 140 72 63 129 171 180 192 115 93 148 53 38 81 50 48 56 74 53 48 95 90 95 118 126 129 130 136 138 142 137 140 137 133 140 143 144 143 148 149 147 159 176 158 158 136 129 141 65 42 54 50 54 68 77 75 70 57 30 104 146 116 144 145 154 155 153 150 149 147 149 148 148 145 145 144 141 137 127 158 193 201 208 210 208 208 209 208 209 212 213 213 212 212
58 58 62 67 62 69 93 135 158 169 174 176 179 179 165 137 82 94 122 84 136 109 51 68 65 65 69 52 77 119 103 90 74 96 97 90 92 131 136 193 217 134 82 149 93 34 46 61 51 46 56 71 58 46 89 85 88 114 126 130 127 131 137 141 143 145 111 93 101 111 116 114 106 98 99 116 119 96 109 111 145 112 41 49 50 47 60 67 72 79 59 64 36 89 146 132 148 147 155 156 152 152 150 148 148 147 148 145 143 144 143 135 127 163 196 207 211 210 210 208 208 210 211 212 214 214 213 213
56 58 62 65 62 78 100 137 157 170 176 178 181 179 163 130 109 129 81 105 144 95 64 58 48 60 69 65 81 135 88 105 97 92 103 72 91 141 130 203 184 86 137 139 40 54 44 54 54 49 58 63 64 48 81 82 84 109 121 124 125 129 134 138 147 145 133 123 112 110 116 124 129 136 142 158 166 137 133 144 141 61 43 52 47 49 61 64 77 78 59 73 42 75 150 143 148 150 156 154 152 152 152 150 147 146 148 145 145 145 142 133 128 170 202 211 212 210 211 209 210 211 211 213 214 213 212 212
56 57 60 63 60 80 100 134 156 168 176 177 182 178 167 143 129 79 77 132 115 87 74 91 42 50 80 67 94 144 63 88 109 92 65 101 135 147 127 177 114 136 163 57 48 55 45 47 54 47 58 62 65 51 73 77 75 101 114 119 121 124 128 134 142 147 146 135 129 127 128 130 148 168 173 175 176 141 145 151 94 38 49 52 43 52 52 63 82 78 62 76 47 71 155 149 150 150 156 155 154 153 152 152 149 149 146 145 146 144 142 131 127 175 209 214 211 211 211 211 212 213 214 214 212 210 209 208
53 53 57 58 56 80 95 131 156 167 177 179 181 179 168 147 86 62 114 127 109 66 93 92 36 69 80 73 118 130 95 87 79 109 113 110 145 143 143 167 136 185 72 46 55 58 53 51 53 53 57 63 68 53 74 76 68 91 107 111 117 122 128 132 137 140 144 139 132 126 127 124 127 135 138 130 132 144 150 128 56 44 49 52 50 55 53 66 79 80 66 75 52 69 156 154 152 152 155 155 153 154 153 151 150 150 147 145 144 143 140 130 126 181 214 215 212 212 213 215 215 215 213 209 206 204 205 205
51 51 54 51 57 89 92 126 150 165 178 179 180 180 163 134 84 67 129 105 99 49 105 78 36 77 63 56 147 116 104 129 80 88 135 111 110 123 148 173 185 96 42 55 55 59 51 53 52 57 61 60 64 55 64 76 66 78 97 105 110 117 125 130 134 138 141 139 135 132 129 128 123 122 125 132 150 147 140 79 49 43 48 52 60 55 49 72 82 82 64 73 57 66 157 155 150 153 155 154 154 154 154 155 153 149 149 145 143 142 138 127 121 182 218 216 213 214 215 217 216 211 207 206 207 208 209 209
51 51 50 45 65 103 102 127 145 163 176 177 179 179 164 139 88 67 120 106 82 65 88 58 41 74 61 54 143 127 109 135 112 96 106 111 91 113 156 210 122 38 54 49 52 58 51 52 53 51 55 58 62 57 53 67 62 68 83 98 106 114 124 129 134 137 138 139 138 139 140 147 154 158 154 157 151 148 108 54 52 44 50 57 60 53 46 75 85 81 69 77 59 61 157 160 148 154 156 155 153 154 153 153 153 149 148 146 143 142 136 123 120 184 219 218 215 215 215 214 212 210 210 212 211 210 210 210
48 48 50 47 74 105 104 128 145 164 175 176 178 178 164 137 90 67 100 110 78 84 84 50 44 78 52 60 115 102 110 129 122 98 83 122 118 88 145 164 47 50 53 51 54 61 48 52 53 51 47 55 59 58 52 62 58 64 63 77 97 105 117 128 133 136 139 142 144 154 156 157 169 171 164 160 151 151 68 53 48 46 53 61 58 57 47 83 88 84 72 78 64 61 157 161 147 156 157 155 154 153 151 151 152 150 149 144 141 139 135 123 122 192 220 218 215 213 212 212 213 213 212 210 209 207 207 205
47 51 48 47 73 100 102 129 146 165 176 176 177 177 165 137 88 69 96 96 62 68 91 53 51 72 50 63 119 84 59 107 133 126 105 123 136 92 103 91 60 51 54 49 57 63 47 56 51 54 48 49 57 56 55 59 60 64 63 47 68 89 105 125 131 135 140 146 148 157 168 166 168 166 172 165 153 131 48 59 51 52 55 62 51 56 47 87 91 83 75 74 68 61 157 161 147 156 157 153 149 151 150 149 151 149 147 142 140 138 134 121 129 203 222 217 211 211 213 214 215 212 207 205 205 207 209 202
48 50 47 47 62 90 109 132 147 165 174 175 178 178 166 138 87 56 98 77 44 73 90 55 62 67 50 46 126 109 55 86 108 123 138 121 144 114 90 64 53 53 54 50 57 66 49 58 52 55 52 49 53 58 57 57 62 59 73 53 46 60 82 100 108 122 129 138 144 149 157 166 170 164 164 156 149 112 48 58 57 56 56 65 55 53 51 90 90 82 80 81 73 63 155 161 144 145 150 150 150 151 151 149 149 148 144 141 138 137 132 116 140 210 222 215 210 212 214 215 212 209 206 207 203 181 144 102
45 48 45 44 52 87 101 125 150 165 172 173 177 177 164 135 69 98 136 102 49 74 70 59 64 58 49 40 112 140 85 72 104 113 105 118 151 135 143 125 41 48 53 51 66 73 45 61 52 52 53 50 49 54 61 61 64 57 70 75 58 63 72 78 92 103 113 124 134 145 151 157 166 158 155 143 140 97 40 52 59 58 57 64 56 52 55 90 95 84 82 84 71 73 159 154 125 120 131 136 141 143 148 148 149 147 144 141 138 134 129 113 158 216 218 213 211 212 211 210 209 204 196 172 124 69 39 38
51 53 45 39 49 79 84 118 149 165 173 173 174 176 162 118 129 169 86 107 48 64 74 62 63 56 49 42 105 140 118 64 67 97 114 111 133 137 84 138 134 45 43 49 69 73 42 62 49 49 52 49 49 50 58 58 60 52 56 78 86 107 121 129 134 139 136 138 141 151 158 156 159 162 164 167 180 167 122 76 49 50 55 60 51 51 55 86 93 87 81 85 69 79 162 142 112 109 112 119 122 124 129 133 141 144 142 140 138 132 123 114 178 219 213 209 210 209 208 207 203 187 155 80 37 37 51 66
63 60 52 45 47 69 73 113 144 163 172 171 173 174 155 160 156 71 73 91 33 61 83 58 58 74 69 48 87 125 125 96 61 119 142 88 102 129 88 85 163 125 47 50 72 70 45 68 53 51 52 52 50 53 54 60 58 53 54 79 99 122 130 126 127 133 134 138 141 147 148 146 145 146 158 174 190 203 208 195 144 85 47 48 52 49 59 92 91 83 80 86 74 87 162 133 120 125 115 115 112 111 110 112 116 123 126 128 131 128 121 119 187 217 207 205 209 209 209 199 192 169 94 42 47 60 80 81
109 87 67 54 56 62 56 90 135 163 171 171 171 177 177 161 76 71 125 68 34 45 72 65 47 71 91 67 49 92 123 97 105 143 102 84 99 114 96 135 128 109 102 40 69 65 44 70 52 49 48 55 50 50 51 61 60 57 52 75 104 121 124 125 125 130 136 137 139 143 141 140 142 148 162 177 189 195 198 204 211 202 153 77 35 37 55 88 87 79 78 80 66 91 161 133 134 137 133 126 121 114 107 103 100 101 105 104 106 111 103 106 184 211 203 205 208 208 208 199 163 82 45 53 64 77 85 86
136 128 103 78 72 62 49 80 131 161 169 171 171 179 171 131 88 137 114 31 44 41 64 96 26 57 106 88 64 36 113 110 97 112 76 111 104 116 122 127 136 63 116 73 60 62 41 70 51 50 47 56 57 48 54 57 67 63 50 69 102 115 121 124 128 128 134 137 140 140 140 141 145 154 167 180 190 191 194 198 200 204 216 205 122 36 48 82 86 75 74 76 64 96 157 138 144 141 140 135 133 130 123 114 109 100 96 90 98 118 97 81 176 211 204 209 208 206 197 167 83 42 72 76 77 85 86 87
134 140 136 112 94 72 45 78 132 162 169 170 172 173 162 134 145 127 67 39 42 35 81 114 77 103 95 77 59 79 75 83 120 74 71 93 117 126 143 121 93 100 70 118 57 55 46 73 56 54 49 54 63 55 51 58 68 72 51 70 101 115 119 127 126 128 137 143 142 139 136 142 149 159 168 178 187 188 191 193 199 202 203 210 221 155 49 58 81 67 71 78 54 104 156 141 149 145 143 140 139 137 133 127 123 115 109 96 110 134 101 90 187 212 209 212 210 207 159 68 44 81 83 78 88 95 88 83
130 144 152 139 116 82 47 75 132 163 174 173 173 177 156 160 184 93 61 47 47 45 62 58 92 84 58 65 85 90 46 111 65 62 72 94 97 129 136 153 68 109 104 110 80 43 48 70 56 54 53 54 64 54 54 65 71 90 53 62 101 118 125 120 123 138 137 139 141 139 139 145 155 161 165 173 180 184 188 191 195 198 204 207 209 225 163 55 69 59 70 77 51 110 155 142 150 146 144 144 143 138 137 135 128 126 123 113 118 134 105 125 204 212 212 212 206 194 110 38 80 95 85 86 103 100 88 91
112 133 151 151 143 103 49 75 132 163 176 175 175 176 157 165 154 108 43 45 54 55 71 54 56 51 71 62 45 53 49 94 74 62 72 89 96 108 143 130 118 96 144 91 106 40 51 72 60 55 51 55 67 56 54 68 75 109 66 52 105 122 115 122 134 138 138 140 140 139 143 149 156 162 165 170 175 177 182 186 191 197 202 207 209 211 228 149 47 49 66 72 50 122 150 143 150 146 143 142 142 141 139 137 133 130 126 122 124 134 118 156 211 212 212 213 202 165 80 66 95 90 91 102 114 98 89 98
64 114 146 164 158 121 52 72 134 165 177 176 178 178 159 159 136 65 41 44 42 58 61 55 45 52 96 66 45 62 70 47 95 64 73 74 93 111 124 125 150 115 84 118 130 43 40 67 59 53 47 51 64 54 47 60 80 122 79 48 98 114 125 135 132 138 139 139 139 141 143 148 153 159 161 166 173 175 180 183 189 195 199 204 208 211 215 227 111 35 59 58 48 132 144 145 147 146 144 144 143 142 141 138 135 132 127 127 131 138 126 177 217 213 212 211 194 123 71 91 94 93 101 114 104 93 97 104
38 80 144 169 163 135 58 62 135 165 176 177 178 177 163 147 142 83 38 44 46 70 50 51 47 61 102 59 57 38 77 64 71 81 87 97 79 97 109 121 154 130 36 100 163 53 35 64 62 53 46 51 68 55 51 54 89 124 84 43 93 119 131 133 133 134 139 141 141 141 143 149 151 156 161 164 168 173 178 182 188 193 198 203 206 209 213 225 202 55 49 51 49 138 140 147 147 145 143 144 140 140 139 138 137 132 128 125 127 144 156 193 216 214 211 211 175 89 82 92 94 104 111 105 89 95 105 103
34 58 137 171 169 143 52 56 134 164 177 177 177 179 169 136 124 81 40 45 55 56 46 50 41 68 107 51 66 36 48 82 79 64 85 108 101 78 101 144 152 96 43 107 188 51 37 65 71 55 47 53 62 49 52 59 100 110 87 48 96 122 130 128 135 135 138 140 140 142 147 148 149 154 158 162 167 172 177 181 186 190 198 203 208 211 214 216 232 126 32 40 52 147 142 149 147 145 144 144 141 140 137 136 135 131 125 121 141 177 195 207 215 215 211 204 140 85 95 93 100 110 110 92 88 101 103 101
35 55 127 169 172 138 48 57 133 165 178 177 178 180 169 145 138 78 42 50 57 49 46 53 38 93 111 37 65 51 56 54 51 61 79 102 98 79 95 139 141 126 37 98 158 33 47 72 72 57 49 52 62 47 50 70 101 111 98 51 96 124 131 130 136 139 138 136 139 140 144 145 148 154 156 160 166 170 174 180 186 189 196 203 207 210 213 215 227 195 47 30 62 149 143 149 149 147 146 143 141 137 134 134 132 128 122 133 184 203 202 211 217 215 211 182 107 90 93 99 109 115 101 89 97 104 99 104
30 42 119 165 172 142 51 52 132 166 178 178 179 181 167 149 132 48 49 57 48 44 47 40 45 128 96 38 50 59 57 48 49 52 67 88 113 58 88 142 142 122 91 119 154 91 40 73 63 56 54 51 54 54 55 83 114 128 100 56 100 125 133 135 137 137 137 136 136 139 144 145 147 151 154 160 163 167 174 177 184 189 195 201 207 210 212 215 217 229 95 22 76 148 147 149 146 145 146 142 139 138 134 132 128 128 119 157 214 215 206 212 218 215 203 147 95 91 92 103 114 112 94 90 103 104 102 100
31 39 110 167 174 147 58 48 131 166 178 178 180 181 168 149 107 51 60 45 44 46 44 46 91 96 78 39 50 67 48 39 56 51 60 67 116 86 105 144 135 124 139 158 86 61 52 57 58 57 56 56 51 54 68 108 127 126 92 62 104 125 131 136 138 138 137 137 139 139 142 143 147 149 155 158 161 165 172 177 182 189 194 199 205 208 211 213 214 231 148 21 87 146 148 147 145 144 143 140 140 139 134 132 128 124 119 175 219 214 209 215 217 213 184 122 100 95 93 107 115 102 91 98 106 101 98 88
31 37 108 165 172 150 69 48 127 167 176 174 172 174 165 147 119 65 47 44 46 47 56 73 50 73 89 46 54 65 46 43 58 51 73 59 58 114 134 136 107 92 132 146 106 93 83 66 62 66 55 56 49 57 80 116 125 128 85 64 109 128 133 133 139 142 138 136 135 138 140 141 144 148 153 157 159 163 169 173 181 189 193 198 204 207 210 212 213 224 195 31 91 147 148 147 142 143 141 139 140 139 136 132 127 124 127 185 218 207 207 216 217 204 154 118 107 99 99 108 113 98 91 101 105 99 90 82
31 34 98 163 173 156 72 48 125 166 177 176 175 177 165 150 123 59 46 49 47 50 52 55 47 70 76 51 56 53 54 44 53 58 85 50 41 96 130 121 124 72 46 66 74 79 96 105 111 84 55 54 50 67 93 122 126 131 81 74 116 131 133 134 139 141 138 137 133 136 138 142 143 149 151 155 158 161 168 170 179 185 191 197 201 206 209 212 213 216 220 69 96 148 145 150 143 143 141 138 139 140 137 132 126 125 132 191 217 205 206 218 215 187 129 116 108 97 99 108 103 87 92 106 99 95 89 91
34 34 86 157 173 158 77 52 125 164 176 178 179 180 167 152 118 50 52 47 45 46 52 64 49 59 64 57 46 57 59 38 51 56 84 59 82 89 108 114 109 133 71 63 36 45 55 57 63 79 61 45 54 81 103 123 129 127 70 86 124 133 135 139 139 141 142 137 135 137 139 139 142 146 148 154 157 161 167 169 174 183 190 195 200 205 207 209 213 211 227 116 98 150 149 148 143 143 141 140 140 139 137 132 129 131 131 175 209 202 207 218 210 168 119 114 108 95 97 101 84 90 103 103 96 95 92 96
40 33 76 151 172 158 89 56 122 163 176 177 177 179 164 154 133 65 52 40 47 66 75 52 44 61 60 52 56 51 61 49 54 70 68 81 61 114 123 122 71 103 126 93 66 52 55 57 56 48 52 44 64 89 111 122 129 113 62 98 127 135 140 140 142 141 139 138 137 137 137 138 142 146 148 152 156 159 164 166 172 180 188 193 199 202 207 209 212 211 222 170 114 145 138 144 144 145 146 144 142 141 138 133 133 136 136 144 166 182 211 218 206 155 112 109 100 93 101 88 76 104 105 94 90 95 97 93
40 33 66 146 167 158 101 59 119 161 175 176 176 178 167 150 136 77 55 41 59 66 49 44 49 65 59 56 65 56 60 50 61 75 38 92 69 61 79 120 78 59 124 160 71 46 50 56 50 49 46 48 71 100 117 124 128 91 66 112 133 137 140 140 144 144 138 140 138 136 137 140 142 145 148 150 153 156 159 164 171 178 184 191 197 201 206 210 212 212 216 205 143 124 105 118 126 135 142 145 146 144 141 137 138 146 146 140 131 171 217 218 196 139 110 103 91 97 94 77 91 106 98 89 91 96 95 79
37 33 65 142 169 163 103 61 116 159 173 176 177 178 169 146 122 79 55 43 51 48 46 50 59 62 53 72 58 45 53 39 60 58 54 101 115 54 38 73 76 70 104 106 42 53 45 52 46 41 48 61 82 110 117 124 123 65 78 128 135 136 139 141 144 144 142 142 140 136 137 138 141 145 148 150 152 154 161 164 169 173 181 189 193 199 205 209 212 213 213 221 155 82 80 83 93 105 115 125 132 136 139 141 146 155 144 132 138 187 220 215 178 123 102 85 89 99 75 81 103 98 94 90 102 96 84 63
35 33 52 139 178 171 116 59 112 157 171 175 177 179 170 149 113 88 58 44 55 46 44 60 58 59 51 66 61 46 44 49 49 60 77 103 130 97 59 62 66 93 84 71 47 45 48 46 44 41 55 74 99 120 116 125 91 52 104 133 134 135 140 143 144 141 142 141 140 137 136 135 139 143 145 148 151 154 158 163 168 170 177 187 191 198 205 207 211 213 213 227 166 71 84 75 76 78 82 87 93 102 110 127 148 158 144 136 149 204 222 203 151 105 81 76 94 85 75 100 100 94 92 96 103 95 73 55
38 32 48 138 177 174 131 63 109 157 170 175 176 179 174 140 102 94 55 47 45 40 58 62 50 60 50 65 63 58 46 52 55 50 42 77 116 141 102 95 106 71 39 50 54 45 46 41 42 44 62 86 110 118 121 112 47 73 125 135 135 136 139 140 141 141 143 141 139 139 136 135 138 140 143 146 150 151 156 159 165 168 175 183 189 197 202 206 209 211 213 222 195 83 95 95 89 83 74 66 62 60 60 78 108 137 178 165 166 212 217 183 119 75 60 80 83 78 97 105 90 92 90 99 101 89 64 53
56 62 64 133 178 182 141 67 110 156 171 175 175 181 178 131 106 81 47 48 48 53 54 54 50 55 55 65 58 57 55 44 47 55 51 46 80 137 139 103 95 94 41 51 44 47 45 40 40 51 75 100 114 117 122 62 48 110 132 136 137 137 139 139 139 143 145 143 141 139 137 136 138 138 141 144 148 151 155 157 160 167 175 180 186 194 199 205 207 210 213 216 217 111 91 106 102 97 88 77 64 49 42 37 65 167 206 166 179 215 212 155 81 59 70 83 71 90 109 97 87 84 92 105 99 76 58 52
89 88 89 130 176 185 149 80 108 155 172 177 176 183 176 128 116 85 41 50 60 54 44 52 51 52 59 60 65 59 46 45 46 48 68 54 41 85 134 134 99 108 52 46 43 42 39 40 45 68 86 110 119 124 72 42 91 130 132 135 136 140 139 140 140 142 143 143 143 140 139 138 137 140 138 141 145 148 154 155 159 165 170 176 185 193 198 203 207 209 212 212 225 146 82 108 108 104 96 90 79 64 49 35 66 187 203 163 192 214 181 89 52 65 76 70 81 106 100 81 80 83 101 113 93 79 65 58
89 94 107 140 174 184 159 90 107 154 172 178 178 183 177 124 111 78 45 48 47 47 47 54 53 49 47 61 58 62 61 43 56 61 59 59 65 67 83 106 122 69 45 47 46 43 38 44 59 79 100 123 115 64 39 86 123 128 131 135 138 140 139 139 139 140 144 141 144 141 142 138 137 141 140 140 145 147 150 153 159 164 165 173 180 188 195 201 205 208 212 210 220 182 82 100 109 106 99 94 87 77 65 53 73 167 204 194 192 173 101 49 56 71 66 77 101 103 83 76 79 93 111 104 89 79 63 66
76 107 116 137 172 178 156 95 107 153 172 175 179 182 178 123 111 68 42 51 51 54 51 55 55 43 54 81 58 70 78 40 54 83 57 72 63 73 101 105 68 75 41 47 45 39 39 53 79 95 98 79 47 54 95 116 124 129 132 135 137 138 139 141 140 142 143 143 144 144 142 142 140 141 138 138 142 146 147 152 157 161 166 169 174 184 190 197 203 207 211 211 216 209 97 90 104 105 101 97 97 86 83 83 90 169 216 200 143 90 59 58 73 69 74 99 107 90 73 75 86 108 111 97 89 67 67 67
58 95 100 122 166 180 158 99 106 150 171 178 180 182 179 129 92 60 41 51 53 57 53 53 64 44 55 85 63 71 102 60 49 74 44 84 78 58 94 141 77 55 44 44 45 45 44 53 63 56 51 57 84 109 120 124 125 130 132 135 137 137 140 139 139 143 142 145 146 146 145 143 142 139 140 141 141 145 147 150 155 159 164 170 175 180 187 194 200 205 210 212 212 220 126 80 100 102 105 101 101 94 100 101 97 155 192 143 83 73 70 76 75 75 99 112 92 77 65 75 101 114 109 98 75 62 70 61
49 69 88 113 160 176 159 110 107 148 170 178 181 183 178 143 69 49 46 50 49 61 57 58 70 45 55 81 54 68 118 87 39 88 64 50 97 63 98 119 110 63 44 47 46 43 44 49 57 72 88 107 118 122 124 127 128 128 130 133 134 137 137 137 141 141 142 144 145 147 145 143 144 141 141 142 142 143 147 151 154 158 162 168 175 181 187 191 197 203 207 212 211 223 160 74 93 99 105 109 104 104 113 113 109 117 121 90 81 86 88 80 72 92 107 96 76 66 65 94 112 117 110 92 69 62 61 53
56 61 73 98 158 186 172 120 109 147 172 179 181 184 177 122 62 58 48 51 47 61 59 57 75 48 51 85 42 63 98 109 40 82 107 33 78 86 68 112 90 65 42 50 43 45 55 78 95 109 112 117 123 124 126 128 129 128 128 134 136 137 135 139 141 141 142 142 145 145 144 146 145 146 143 142 143 146 147 148 152 155 160 165 169 177 182 187 193 198 204 211 209 218 190 78 87 98 105 111 111 115 119 116 114 107 100 94 101 105 92 79 85 99 90 76 76 69 78 109 120 114 101 78 61 58 55 51
54 57 58 89 177 206 201 144 110 148 172 179 181 185 174 105 58 54 53 47 52 59 56 58 65 61 52 102 40 73 89 114 86 47 102 54 49 101 60 81 99 61 40 42 48 56 77 98 108 116 117 117 124 126 127 127 128 131 131 132 134 135 138 137 138 140 140 141 144 144 147 147 146 148 146 146 147 147 149 150 151 155 161 166 169 176 180 185 191 198 203 207 208 212 210 96 78 98 104 107 116 122 119 116 115 111 106 107 117 109 93 90 99 93 74 70 73 77 102 121 121 106 87 65 56 57 52 61
50 54 52 90 188 202 201 165 112 147 171 177 178 182 172 124 64 47 50 51 58 58 63 75 60 62 71 97 43 82 88 85 117 39 90 78 51 80 71 60 94 107 72 33 53 75 92 104 110 116 120 120 123 127 126 127 130 131 131 130 134 136 136 135 140 140 140 141 144 146 146 145 147 147 150 148 148 147 149 153 153 155 162 165 166 173 177 185 189 196 201 205 208 209 220 129 70 95 98 104 115 118 123 122 116 115 117 126 124 105 94 98 89 83 84 80 78 98 123 127 112 92 68 52 51 58 70 89
48 53 49 77 183 200 198 161 113 149 170 179 179 183 171 96 61 45 48 54 55 66 67 74 66 61 109 79 48 82 83 62 102 83 94 82 40 69 71 47 71 78 103 67 73 87 94 106 113 118 121 124 125 127 127 128 128 130 132 131 133 138 136 134 136 139 141 141 145 145 144 144 147 146 150 149 149 150 150 151 156 156 160 165 165 170 174 182 189 194 198 202 206 208 219 165 88 92 91 101 109 119 132 127 122 123 134 135 119 97 89 80 75 87 91 83 88 114 129 126 102 69 53 46 51 67 93 103
