162 162 161 159 157 156 155 154 160 168 174 173 166 149 120 94 97 105 108 106 107 108 108 108 110 115 120 123 125 128 130 131 133 131 130 130 132 133 134 134 135 134 133 134 134 134 134 134 134 134 133 131 131 133 133 131 135 132 132 135 135 131 130 131 130 130 130 131 130 129 127 125 121 115 104 112 137 148 152 164 154 151 151 155 156 154 153 155 153 151 158 156 156 157 170 210 215 221 190 115 100 117 120 121 122 123 122 121 122 124 124 123 122 127 124 127 117 114 161 171
159 159 157 157 156 155 154 154 157 166 172 172 164 147 119 94 94 102 106 105 105 106 105 106 109 114 120 123 125 127 130 131 131 130 130 130 131 133 134 134 134 133 132 132 133 133 133 133 132 132 131 129 130 131 131 130 133 132 131 132 132 131 130 130 129 128 128 128 129 128 126 124 119 116 107 109 128 145 153 161 155 151 151 154 156 154 152 153 156 153 158 155 154 155 165 200 216 219 207 127 101 114 120 122 121 122 122 122 123 125 126 125 124 123 128 121 121 128 118 90
157 155 154 155 155 153 153 155 160 168 173 170 160 142 114 91 92 100 104 104 105 104 103 103 109 114 119 122 124 127 129 130 130 130 130 130 130 131 133 134 133 133 132 132 131 132 132 132 131 131 130 129 129 131 130 129 132 132 132 131 131 131 130 129 129 128 127 128 129 128 126 124 119 117 110 105 117 137 152 157 158 155 154 157 159 157 155 155 155 153 156 152 152 152 155 177 210 219 216 176 111 109 114 118 120 121 122 121 121 123 123 123 121 124 128 130 135 107 51 44
157 154 155 157 156 153 154 159 165 169 171 167 159 141 114 91 91 99 104 105 106 104 102 103 108 114 119 122 124 126 128 129 130 130 131 131 130 131 132 133 133 133 133 132 132 132 132 131 132 132 131 131 131 131 130 129 133 135 134 131 130 133 132 128 130 128 127 128 130 130 128 126 121 118 112 105 108 128 148 154 162 160 159 161 162 161 159 157 154 153 155 153 153 151 147 156 195 215 216 219 143 104 109 117 118 120 122 121 121 122 123 123 126 130 126 137 94 50 49 46
156 155 157 158 156 153 156 163 166 166 165 163 158 144 117 94 91 99 104 106 107 105 102 103 108 114 119 122 124 126 128 129 130 131 132 131 130 130 131 132 132 133 133 131 132 133 132 130 133 132 131 131 131 130 129 129 133 136 135 131 130 133 132 127 129 128 127 128 129 130 128 127 125 118 114 107 104 119 142 152 161 161 161 161 162 162 159 157 157 156 156 153 154 153 148 148 171 207 220 222 191 115 105 118 116 120 123 123 122 124 127 128 131 133 138 94 44 49 45 53
155 156 158 159 156 155 159 165 167 164 160 159 157 144 116 92 91 98 103 105 106 104 102 104 108 113 119 121 123 126 128 128 130 130 131 131 130 130 130 130 131 132 131 129 131 133 131 128 130 128 128 129 129 128 127 127 131 134 133 130 130 132 130 126 127 126 126 126 127 127 127 126 126 119 115 109 104 115 137 150 159 161 162 161 160 161 159 157 158 157 154 152 152 152 151 148 147 193 218 216 218 160 102 110 117 121 124 123 121 122 126 128 135 140 89 53 48 47 49 48
156 157 158 158 158 160 164 167 168 163 159 159 158 144 114 88 91 98 103 105 106 104 102 104 108 113 118 121 122 125 127 128 129 129 129 129 130 130 130 129 131 131 129 128 131 134 131 126 125 124 124 126 127 126 125 126 128 130 130 130 130 131 129 126 126 127 127 126 126 126 126 127 124 120 116 110 106 116 135 148 156 161 162 160 159 160 159 157 156 155 154 154 152 152 153 149 141 168 202 217 223 206 131 104 115 120 123 122 119 121 126 129 138 87 50 44 45 44 54 55
158 158 158 158 161 165 168 169 164 161 159 160 160 145 116 90 92 98 103 105 106 104 102 105 107 112 118 120 122 124 126 127 127 127 127 128 130 131 130 129 131 130 128 127 131 135 132 126 122 121 122 125 126 125 125 125 127 128 129 130 131 131 129 127 127 128 129 128 126 126 128 129 121 121 116 109 107 118 134 146 153 159 162 159 157 158 158 157 154 155 156 158 156 154 155 150 149 139 185 212 219 221 182 109 111 117 121 121 121 124 131 136 94 44 47 46 51 52 46 57
161 155 162 160 163 170 163 168 162 162 158 162 160 142 115 87 91 99 103 102 103 103 102 103 107 112 117 120 122 124 126 127 131 129 124 124 128 129 128 128 128 134 132 126 126 128 128 127 126 119 118 126 128 123 121 124 127 128 130 130 131 131 130 127 130 127 126 128 127 124 124 127 122 118 116 113 109 115 130 142 150 155 158 158 157 157 158 158 156 156 157 157 157 156 153 150 148 143 154 204 217 227 214 148 98 115 111 125 126 126 133 91 43 41 50 57 53 52 53 48
161 160 161 165 167 166 163 162 159 160 157 160 158 140 113 85 90 99 104 104 104 103 102 102 108 113 118 120 121 123 124 125 123 124 127 128 129 129 129 129 127 129 129 131 133 130 126 127 125 127 126 121 117 117 115 113 122 125 128 128 128 128 128 128 127 127 124 122 125 129 128 124 124 119 117 114 110 115 130 141 148 152 155 156 156 157 157 156 155 155 156 155 155 153 150 148 146 141 141 180 217 220 224 194 110 109 115 112 121 136 95 39 44 45 53 58 52 49 49 47
161 163 159 167 168 158 159 153 159 161 159 161 159 141 114 86 88 98 104 105 105 104 102 102 108 113 118 120 121 122 124 124 127 125 127 128 125 125 126 125 130 131 128 127 128 127 126 129 129 124 123 131 142 146 141 135 121 117 120 129 131 125 123 128 130 131 131 128 126 127 127 124 122 118 116 113 108 113 127 139 144 147 151 153 155 156 155 153 154 155 155 154 152 149 147 146 147 143 136 153 202 218 223 224 155 97 109 118 127 90 47 43 47 51 57 58 53 47 46 48
161 162 160 167 163 150 149 146 160 163 161 164 160 143 115 87 87 97 103 104 105 104 102 103 108 113 118 120 122 124 125 126 129 126 127 129 129 131 131 127 126 133 131 124 125 133 137 138 146 149 157 170 178 180 179 179 177 167 146 123 113 119 127 130 129 128 128 128 126 123 125 128 121 117 115 112 107 112 127 138 143 145 147 151 154 155 154 152 154 153 153 153 150 147 145 144 144 144 141 140 172 216 215 224 207 124 111 120 93 41 37 50 50 54 56 55 52 46 44 48
160 161 166 168 157 141 137 144 161 164 162 164 161 143 114 85 87 96 102 102 103 104 103 104 109 114 119 121 122 124 126 127 125 126 128 130 128 127 127 125 126 131 129 129 137 147 149 147 144 157 166 168 172 180 180 174 185 184 190 190 164 126 110 116 129 128 127 126 126 125 124 123 120 116 115 112 108 113 129 141 144 144 146 149 152 153 153 152 152 151 150 150 148 144 142 143 138 141 143 138 147 195 217 222 224 177 120 94 46 40 51 41 52 53 52 50 49 46 44 47
161 164 170 167 146 126 128 145 162 165 163 164 161 144 114 82 85 94 99 99 101 102 103 105 110 114 119 121 121 123 124 125 124 129 129 126 125 124 127 134 142 132 125 130 142 144 143 144 148 152 156 160 168 175 176 173 173 183 189 191 199 195 158 115 114 121 127 127 125 125 122 118 117 114 113 110 106 112 129 142 146 145 145 148 150 151 151 152 149 146 145 146 146 143 141 141 139 141 141 140 137 156 213 223 224 222 135 47 40 46 51 53 55 52 50 49 49 48 48 48
165 170 166 157 128 104 123 148 165 167 164 165 163 145 114 80 81 90 96 97 99 101 102 104 107 112 117 118 119 121 122 123 121 129 126 124 131 132 134 144 141 130 123 127 134 132 132 138 146 149 157 164 164 163 171 183 180 187 189 186 192 201 195 181 127 118 113 117 121 120 119 121 115 112 110 107 103 110 128 142 149 146 145 146 147 147 149 151 147 143 142 144 145 143 141 141 142 142 141 144 139 136 185 217 225 224 111 23 46 46 50 56 54 49 49 51 48 49 51 48
168 176 159 146 111 84 122 152 166 167 163 164 162 145 112 78 78 88 94 96 98 100 101 103 104 109 114 116 118 120 122 122 121 128 123 123 135 130 117 120 117 121 124 127 130 130 132 139 139 144 150 155 163 172 178 180 187 186 186 187 189 192 197 201 195 145 108 110 120 116 113 119 116 112 110 107 103 110 128 143 150 147 145 145 144 145 147 151 147 142 140 144 146 144 142 142 142 140 143 147 142 140 151 205 228 162 33 43 48 51 57 53 51 45 48 50 45 46 50 45
174 165 156 127 81 82 126 147 165 168 165 164 158 143 112 75 77 88 96 99 101 101 100 101 104 109 113 113 115 119 120 119 124 128 120 127 132 110 118 117 121 124 120 126 131 132 137 131 132 136 144 155 166 174 177 178 181 184 187 189 192 193 195 197 199 205 170 111 92 104 110 114 114 110 106 108 103 107 129 143 152 153 150 146 139 140 136 145 148 148 141 145 149 142 140 144 143 144 143 147 147 148 147 182 155 44 41 44 50 55 49 53 46 52 52 47 47 67 47 27
170 163 141 108 78 85 124 147 165 168 166 164 158 142 112 76 79 90 98 99 100 99 99 101 104 109 114 114 115 118 120 120 123 122 125 139 124 111 109 115 115 123 125 130 130 130 137 136 140 138 140 149 157 163 171 178 185 184 189 193 192 195 198 195 193 195 207 180 135 97 103 112 110 108 105 113 102 102 136 144 153 155 152 150 138 129 122 138 145 148 142 144 148 143 142 143 143 146 144 147 143 150 163 131 48 43 42 51 50 52 49 44 51 60 45 51 62 54 33 99
165 155 120 88 78 90 122 149 164 168 167 165 157 140 111 77 80 91 98 99 99 99 100 102 104 109 114 115 115 118 120 121 122 118 131 136 113 110 110 116 115 122 124 127 126 127 134 136 129 138 146 149 154 165 178 188 184 187 186 190 197 190 184 192 195 203 214 225 234 183 80 98 102 105 105 101 98 106 127 150 154 156 153 153 138 115 100 120 141 150 147 144 146 145 144 142 145 144 151 143 148 157 141 64 36 50 44 48 50 55 46 48 56 50 44 62 75 36 84 156
159 136 99 81 82 93 122 150 163 168 167 166 157 139 111 78 80 90 97 98 100 101 101 103 104 109 113 115 116 119 121 121 124 121 129 115 107 110 120 118 121 122 120 120 123 128 133 134 134 135 138 144 155 168 177 180 187 190 194 185 175 189 206 205 214 213 210 204 222 232 135 77 107 95 97 101 96 106 129 143 154 156 152 153 140 109 79 90 127 146 149 145 145 144 145 142 147 144 145 148 150 159 79 36 46 44 53 56 50 46 47 56 50 49 52 75 62 77 145 160
147 112 86 87 87 92 123 150 162 167 167 166 157 138 110 79 82 90 96 97 101 102 102 102 105 108 112 114 117 120 121 121 124 125 116 103 109 113 122 119 121 119 119 120 126 133 136 137 141 138 138 145 152 161 173 185 187 181 170 177 203 213 207 207 207 201 213 210 205 221 218 106 76 99 103 99 93 101 131 142 153 155 150 151 144 113 68 60 107 135 147 146 144 143 145 144 148 139 144 147 160 109 49 42 39 49 54 58 48 44 56 47 44 58 72 69 80 138 154 143
126 94 82 94 88 90 122 148 162 166 166 166 157 138 111 80 83 92 97 98 101 101 100 100 105 108 112 115 118 120 122 122 124 122 105 110 114 117 115 117 112 115 122 124 129 136 138 141 137 145 148 145 149 163 174 177 165 168 190 209 207 204 205 203 205 205 201 211 219 213 232 204 83 73 90 92 91 104 121 151 154 155 150 152 147 119 66 43 90 124 144 149 147 142 143 142 144 142 148 154 144 49 49 46 53 60 52 46 45 60 50 47 51 59 76 88 131 150 144 144
102 87 86 95 87 89 121 146 161 165 165 166 157 138 111 80 81 92 98 99 100 100 99 101 104 108 113 116 117 118 122 125 122 113 109 115 114 119 112 117 112 116 126 128 131 137 137 141 144 144 139 137 149 164 163 152 172 199 209 201 201 207 205 199 197 206 207 207 202 212 209 228 175 89 73 89 90 103 123 147 154 155 152 154 146 121 68 40 68 104 132 147 149 142 141 142 142 150 147 154 80 37 43 50 53 52 53 44 49 57 42 57 57 63 82 134 150 145 148 160
86 88 91 92 85 91 121 145 161 165 165 166 158 139 111 80 78 91 99 100 99 99 100 103 102 108 115 118 116 117 121 127 121 105 120 111 110 117 118 119 121 121 129 129 133 140 137 140 143 134 135 146 149 147 158 175 199 197 200 204 201 197 196 196 204 198 205 206 205 211 212 212 226 214 106 64 85 93 129 144 154 154 154 155 144 119 70 43 44 82 116 140 148 143 143 144 150 141 161 115 38 40 45 56 59 53 45 46 59 44 55 52 57 67 124 141 150 143 161 167
86 93 93 93 90 94 120 146 159 165 164 163 157 139 111 81 79 89 96 98 100 100 100 101 102 104 114 116 118 111 129 135 102 108 114 114 113 113 114 115 120 135 129 139 144 136 142 141 139 131 137 137 129 152 188 201 196 192 192 192 190 197 204 202 206 206 206 206 208 209 209 209 212 221 214 72 70 99 118 145 155 154 151 154 147 117 76 42 41 47 93 128 145 148 141 141 145 155 142 57 36 43 53 55 56 51 46 59 45 46 59 51 59 110 150 141 139 161 165 163
89 94 92 92 89 92 119 147 159 165 164 164 159 141 113 82 80 90 96 98 100 101 101 102 105 112 111 115 117 105 156 129 98 105 111 112 111 113 118 122 123 119 139 141 130 137 143 140 134 130 115 130 174 192 187 190 195 188 189 193 194 198 203 203 200 204 207 207 206 205 204 204 215 212 230 165 57 89 126 142 147 155 158 150 148 126 74 45 43 46 59 105 128 140 143 133 144 152 85 34 51 49 51 54 57 50 51 53 53 57 48 43 98 148 144 133 157 165 160 163
91 93 90 91 88 89 117 147 159 165 164 164 160 142 113 82 80 89 95 96 98 100 100 102 105 111 112 112 110 113 178 116 102 106 109 111 113 116 119 120 127 137 135 137 138 132 135 137 124 113 139 176 187 192 195 185 184 183 189 197 196 196 201 206 205 203 201 199 201 205 208 209 209 216 218 233 108 64 121 144 157 150 155 154 142 117 74 46 43 46 31 64 164 204 200 182 195 115 40 46 46 53 61 51 56 52 54 47 56 49 40 76 144 151 140 148 164 160 158 159
91 91 88 90 87 87 115 146 159 164 163 163 159 141 111 78 76 86 93 95 97 99 99 101 104 102 115 111 100 141 182 105 102 108 113 114 113 115 119 121 130 140 133 133 133 136 135 106 124 144 177 193 183 173 179 188 181 183 191 198 198 195 196 199 198 201 202 203 204 206 207 206 209 202 218 234 167 70 115 144 144 156 153 150 150 122 76 47 49 27 64 188 215 199 213 221 230 136 30 53 50 54 56 55 54 51 52 51 57 38 61 131 155 134 149 165 160 159 157 158
90 90 88 93 90 88 114 144 160 165 164 163 159 140 108 75 73 84 92 95 98 99 99 100 105 101 113 114 97 175 176 100 98 107 115 115 112 114 122 130 128 120 127 129 133 127 110 120 159 180 178 168 176 178 173 177 188 190 191 193 195 194 192 190 195 199 204 205 202 199 201 206 208 208 203 216 221 100 101 145 159 152 155 153 147 118 65 38 22 101 205 200 196 214 220 223 231 201 45 43 53 52 53 51 51 47 49 59 53 52 111 152 140 146 161 161 160 163 156 159
92 93 92 97 94 92 116 144 161 167 166 166 160 141 109 76 74 85 94 98 101 101 100 100 105 108 108 113 105 192 165 98 103 106 108 110 114 120 125 128 118 124 127 128 129 110 117 172 181 170 166 168 171 180 183 176 186 192 192 187 186 188 192 198 200 196 195 199 200 199 201 206 205 204 205 204 231 178 93 139 159 150 162 152 146 116 48 35 137 212 176 193 218 210 216 203 222 222 67 39 48 56 51 47 48 45 52 53 43 85 153 146 143 162 158 158 161 156 158 159
95 97 97 100 97 95 117 143 161 168 168 168 162 142 111 79 78 89 97 99 102 102 101 102 105 110 111 107 120 197 148 98 105 104 104 108 116 123 123 120 119 132 137 126 110 128 165 171 163 162 164 174 182 177 177 188 181 186 184 180 182 184 191 203 196 191 193 202 203 196 194 198 197 205 207 204 204 217 171 133 146 155 159 152 133 82 83 171 212 181 206 217 211 203 202 209 221 217 69 36 56 58 41 52 47 50 53 39 57 127 156 146 158 160 155 160 158 152 157 156
97 100 99 101 98 96 118 142 159 167 168 169 163 144 113 82 81 91 98 100 102 102 101 102 106 107 121 102 133 202 134 99 94 102 110 114 115 117 120 122 133 122 126 115 126 161 160 148 154 165 168 171 182 184 178 176 187 179 170 173 185 188 187 192 196 195 199 200 189 176 183 200 202 202 202 197 202 206 220 181 148 153 149 145 128 153 208 198 185 212 215 204 204 204 201 214 228 208 56 42 54 50 55 42 49 55 49 31 92 164 139 152 160 159 162 154 156 161 153 154
100 100 100 100 96 98 119 145 157 166 169 172 166 146 113 79 81 90 97 99 102 102 101 100 103 107 115 88 154 191 126 110 102 103 110 99 113 120 118 128 119 118 113 131 154 156 150 145 149 159 173 178 174 170 175 183 172 172 176 182 184 182 181 183 188 193 199 186 179 187 190 198 196 199 198 196 197 195 198 207 155 151 144 161 201 206 187 194 211 207 203 200 202 202 213 211 229 186 41 50 49 51 47 44 47 54 44 66 148 147 149 159 161 158 157 158 158 155 154 154
101 100 100 100 99 102 121 147 160 168 171 173 168 147 114 80 80 90 97 99 101 101 99 99 101 106 106 92 171 190 135 113 105 104 100 111 109 103 122 117 122 117 137 150 147 145 142 143 156 165 171 168 166 170 173 172 160 171 180 179 176 176 179 180 185 182 175 183 185 179 188 191 200 191 188 194 193 184 186 198 176 153 184 208 188 193 211 204 200 203 199 202 209 207 205 219 232 161 37 54 55 53 42 45 53 59 60 114 151 146 154 162 160 158 156 157 157 155 154 154
101 99 98 99 99 102 121 145 163 171 173 174 169 148 115 81 80 90 96 98 100 100 98 98 102 107 99 97 190 185 143 117 105 105 107 110 112 121 124 125 114 136 151 147 146 138 132 152 160 165 154 159 182 177 160 164 183 171 167 173 175 172 176 187 185 183 176 184 190 188 193 189 186 179 180 187 184 178 180 186 188 199 197 191 202 205 198 207 200 197 206 202 206 192 209 211 234 121 30 49 52 51 42 52 51 57 93 151 148 148 158 161 160 158 156 156 156 155 155 155
100 99 98 98 97 100 119 143 164 173 174 174 169 149 115 80 81 91 97 98 99 99 98 98 102 106 98 99 200 183 152 128 120 111 104 111 107 119 123 114 123 149 142 143 135 133 157 149 144 145 168 180 163 156 168 175 167 174 180 178 174 172 173 175 179 178 184 181 185 192 185 184 177 174 180 183 172 167 179 191 190 189 198 206 207 199 194 204 199 201 202 211 174 189 210 210 221 77 33 47 49 47 48 54 44 62 132 151 145 157 160 159 161 159 158 157 157 157 157 158
98 98 99 99 96 99 119 146 164 172 173 173 167 148 115 79 82 92 98 99 100 99 98 99 100 104 100 100 201 183 158 142 136 114 104 100 108 118 103 130 146 137 145 127 131 155 147 150 150 142 152 159 156 168 178 166 164 172 174 166 162 165 168 168 175 171 179 181 183 183 174 177 184 177 172 168 170 183 192 189 189 201 206 197 197 202 198 197 201 205 203 189 157 172 177 206 177 42 46 53 51 46 51 47 54 94 153 144 149 164 162 160 161 160 158 157 158 158 159 158
95 96 97 97 95 98 120 148 163 171 172 171 167 149 116 79 82 92 98 99 99 99 98 99 101 102 98 102 198 180 157 147 133 130 96 101 111 112 131 142 140 141 123 129 148 146 142 144 148 154 147 147 164 168 164 169 170 166 164 167 167 163 160 160 169 175 172 177 179 176 177 167 179 162 161 178 188 189 193 201 212 194 192 194 193 196 199 202 205 208 204 157 170 154 148 207 118 29 53 54 49 44 49 46 84 135 150 149 156 163 161 160 159 159 158 157 157 158 158 157
96 95 94 95 94 99 121 149 163 171 172 171 167 150 117 81 81 91 97 98 98 98 97 99 102 101 90 110 198 180 159 150 144 123 114 104 100 124 146 131 131 123 127 144 143 136 143 140 149 144 154 162 156 156 162 159 159 165 164 157 153 159 166 169 163 172 167 166 167 167 170 159 149 176 191 183 182 195 201 196 189 191 198 196 196 203 205 204 206 209 178 163 164 152 163 206 67 36 51 50 47 49 48 61 118 155 144 155 159 159 159 157 158 158 157 156 156 158 157 155
100 97 95 96 96 101 123 149 163 172 172 171 168 152 119 83 80 90 97 97 97 97 97 98 101 99 83 119 204 186 170 158 142 143 116 94 131 140 127 139 120 129 141 144 142 133 130 148 141 146 157 156 147 153 159 149 139 135 143 160 167 161 159 163 167 160 166 165 161 157 153 164 184 179 180 193 202 192 183 189 195 195 198 200 206 204 198 203 211 200 157 165 143 125 187 170 35 47 51 53 53 59 50 77 140 155 146 156 159 159 158 154 157 158 158 157 157 158 157 155
98 96 95 98 100 104 123 147 165 172 173 174 169 153 119 78 77 89 97 97 97 98 97 98 97 103 81 114 209 193 174 160 158 148 125 112 129 128 135 117 126 145 139 139 128 126 147 138 138 157 136 121 124 112 117 126 138 144 112 142 150 161 157 152 159 161 140 122 156 145 167 183 178 187 201 200 189 189 195 193 199 202 198 202 201 207 204 206 212 178 147 106 89 125 225 106 24 53 46 47 54 56 56 109 154 148 153 160 159 157 158 156 157 156 155 155 155 155 155 155
100 99 97 99 101 107 126 148 166 173 174 174 169 153 119 77 76 88 97 97 98 99 99 100 100 99 86 110 208 197 180 163 147 156 130 116 119 129 117 121 138 136 137 125 127 140 134 134 151 144 116 141 119 102 87 72 151 174 138 118 113 104 115 120 93 87 81 51 119 179 164 172 192 206 197 187 197 195 189 200 198 197 205 207 202 200 213 213 173 123 82 82 118 204 181 39 46 47 47 49 56 45 71 141 147 151 157 160 159 159 159 156 156 155 154 154 154 154 154 153
101 101 99 99 102 110 128 149 167 173 174 174 170 153 119 77 76 89 97 97 98 99 99 100 101 96 90 99 207 200 195 166 121 139 124 103 127 114 113 138 140 130 126 127 133 131 133 144 135 115 144 117 105 114 105 82 112 133 111 81 69 92 78 56 50 36 35 71 152 161 189 200 198 188 191 198 195 193 197 198 202 202 195 206 216 195 154 113 92 76 95 123 183 215 76 35 53 48 49 48 51 42 105 156 143 155 162 159 159 160 159 157 156 155 154 154 154 154 153 153
102 102 100 98 101 110 129 148 166 172 173 173 169 154 119 78 78 90 97 98 98 99 98 99 101 98 93 83 197 203 200 166 121 132 130 124 108 111 136 139 129 126 125 134 135 125 137 137 114 136 122 119 116 96 73 70 80 106 98 85 105 78 63 79 42 28 99 159 161 184 195 196 192 198 198 193 191 191 193 196 191 203 209 208 141 100 85 76 99 108 142 188 182 67 38 52 49 49 47 55 47 60 138 149 146 160 164 160 160 160 158 159 157 156 155 155 155 155 154 153
104 104 101 98 101 109 128 147 165 171 172 173 169 154 120 78 78 90 97 97 98 99 98 98 101 100 97 75 163 211 194 170 125 148 147 115 109 125 138 131 123 122 134 128 129 137 139 114 134 132 87 86 81 63 58 50 106 108 63 91 99 82 61 69 20 112 159 143 183 189 182 192 193 182 182 191 194 192 191 191 211 198 157 135 103 90 95 117 141 165 187 198 61 34 52 57 50 44 49 61 48 96 151 143 156 164 164 162 162 160 157 159 157 157 156 155 155 155 154 153
106 106 103 100 101 107 126 148 165 170 171 172 169 155 121 79 76 88 95 96 98 99 99 99 99 97 102 82 123 213 193 185 150 137 140 105 122 138 132 114 126 125 127 126 128 130 144 116 114 70 72 80 51 56 45 92 116 56 60 91 81 54 53 77 125 152 147 198 193 174 191 180 190 188 188 190 190 190 199 212 157 105 92 117 146 148 160 170 165 186 189 68 31 52 55 49 51 42 57 52 55 134 150 145 165 165 164 163 163 160 158 159 157 156 156 155 155 154 153 152
108 106 103 101 100 104 124 148 165 171 171 172 169 155 121 79 76 87 94 95 98 99 98 98 97 99 104 96 96 190 206 190 172 159 115 118 134 140 109 121 126 125 121 130 131 104 117 109 69 74 76 52 64 35 61 96 51 65 108 102 66 58 69 145 135 155 197 190 176 183 180 184 177 171 188 191 185 204 179 100 69 94 121 115 152 169 170 167 194 190 70 35 50 57 51 59 47 47 59 44 83 148 143 154 167 165 164 165 163 162 161 159 158 157 156 156 155 154 153 152
108 106 103 102 99 102 121 147 167 172 172 172 170 155 121 79 77 88 94 95 97 98 96 96 98 105 105 103 84 148 215 180 171 165 111 130 130 115 121 131 123 118 133 127 129 93 66 73 78 80 46 74 74 35 82 64 47 63 73 72 83 78 107 135 163 198 196 191 176 183 183 172 177 179 188 191 190 183 131 56 93 103 123 115 134 155 171 199 160 58 34 49 49 51 64 47 47 50 51 51 118 140 135 167 166 164 166 165 161 163 164 158 159 158 157 157 156 155 154 152
108 107 103 101 98 97 117 148 165 174 172 174 170 154 122 77 75 86 94 96 97 97 97 98 101 106 101 111 99 83 196 200 191 154 127 127 124 116 132 128 124 126 122 124 105 92 77 82 83 44 41 98 54 50 75 54 61 61 72 72 102 124 112 153 200 191 187 185 180 178 177 171 182 188 183 183 191 192 168 91 91 110 105 128 129 162 187 130 43 42 46 56 53 53 59 44 44 52 54 73 132 128 143 169 167 166 163 161 161 162 162 161 160 160 158 156 155 155 154 152
108 108 104 101 97 94 114 145 163 173 172 175 171 155 122 77 71 83 92 95 97 98 98 99 100 103 114 106 111 87 141 214 192 162 124 118 111 128 127 114 125 126 123 113 72 62 82 94 71 54 44 92 66 57 51 50 63 64 65 82 84 114 138 180 178 185 180 170 173 179 178 175 172 185 189 190 197 201 190 130 79 86 90 116 140 159 123 35 43 44 49 56 56 58 57 43 51 50 58 97 134 126 154 169 163 164 164 165 165 164 161 159 160 160 159 157 156 155 153 151
107 107 104 101 96 92 111 142 161 172 172 175 172 156 123 78 74 85 94 97 99 99 98 99 100 103 112 110 114 91 131 215 204 156 119 119 114 117 114 134 133 117 103 90 72 57 41 75 74 65 56 62 118 54 43 43 51 27 66 95 88 139 168 176 186 181 168 167 178 172 164 172 183 196 200 197 198 200 195 148 83 63 69 91 131 150 96 43 44 46 53 56 59 61 52 43 52 44 66 127 131 131 161 166 166 165 163 162 162 162 162 162 160 160 160 159 158 157 154 151
104 105 103 102 96 92 111 144 161 172 172 175 172 156 125 80 76 87 96 99 101 100 98 99 101 103 110 116 111 95 137 217 197 105 105 120 120 117 130 133 129 114 45 59 65 47 46 70 77 80 65 47 88 102 54 52 30 58 115 120 152 153 185 185 190 172 159 171 180 168 164 181 192 199 200 197 200 203 200 162 97 51 51 77 131 163 83 48 47 48 56 57 61 59 45 46 50 45 88 144 128 144 156 158 166 164 162 161 161 161 163 165 159 160 159 158 157 157 154 152
104 104 103 102 97 92 111 144 162 172 172 174 172 156 126 83 73 85 94 98 101 102 101 101 101 106 122 113 115 101 106 213 172 103 117 107 120 124 120 93 95 88 52 80 46 45 52 44 66 65 72 65 66 99 55 33 46 131 128 169 160 144 177 183 180 170 165 166 164 166 177 187 195 198 200 199 206 210 210 181 115 60 45 61 114 175 77 35 51 51 58 60 62 54 43 53 47 54 122 141 138 157 151 151 156 156 158 161 162 162 162 163 160 160 158 156 155 155 153 151
105 104 102 102 97 91 110 144 163 173 172 174 171 156 127 84 77 88 96 99 102 103 101 101 100 113 128 112 120 115 97 182 170 111 116 109 125 138 118 89 65 44 57 82 38 62 55 56 53 53 62 102 70 99 27 41 119 138 172 178 161 157 167 192 177 170 165 160 157 167 183 187 198 201 205 204 208 210 212 195 134 70 39 46 86 168 92 54 54 55 59 63 62 51 45 56 42 70 142 130 153 163 155 152 149 148 150 153 155 155 157 160 161 160 159 156 155 155 154 152
106 103 100 101 96 91 110 143 163 173 173 176 172 156 127 84 82 92 98 101 103 104 102 102 101 115 120 116 119 121 114 135 187 107 116 133 126 127 102 64 66 52 39 71 59 61 50 48 58 54 66 84 60 104 57 102 136 163 172 185 176 149 170 194 167 160 156 160 168 174 184 194 195 198 204 204 208 209 215 207 148 80 41 44 77 163 102 46 54 58 59 62 59 50 49 52 47 100 143 135 162 163 162 158 155 152 149 149 148 147 150 155 154 155 155 154 154 155 154 152
105 102 98 99 96 91 110 143 162 173 174 177 173 156 126 83 80 89 97 99 103 104 103 103 105 110 114 117 118 116 112 121 128 115 133 133 131 101 55 48 70 60 42 55 66 71 51 48 63 63 47 71 47 41 116 130 147 162 174 188 183 149 181 178 153 160 160 163 174 174 178 193 197 197 202 203 208 209 214 210 163 104 59 38 58 154 115 44 52 60 58 60 57 50 52 47 60 132 138 150 162 162 164 160 164 161 159 157 152 146 144 146 144 146 147 149 151 153 152 150
104 102 99 99 96 91 109 145 163 173 173 178 173 155 126 85 77 90 97 102 102 101 105 103 106 109 117 117 120 112 128 124 132 135 121 126 127 75 78 44 73 65 46 64 91 58 43 51 59 66 60 77 44 61 116 141 173 161 162 188 188 183 168 150 160 170 166 170 176 180 177 186 193 198 197 199 204 207 210 209 180 109 55 40 51 140 132 50 64 55 67 65 47 56 50 45 91 143 130 152 166 161 160 162 163 165 165 162 157 152 148 147 143 142 141 142 145 149 151 151
101 101 99 100 97 91 108 144 163 174 174 178 174 156 125 82 76 87 95 102 103 101 103 99 103 110 114 118 113 145 157 81 66 123 147 119 93 59 84 36 102 46 46 67 53 45 52 57 54 63 74 53 46 124 127 178 178 171 163 194 194 157 98 102 120 123 151 179 179 175 175 182 190 197 187 195 199 211 203 207 163 90 41 39 49 120 142 63 63 60 66 59 47 52 52 47 112 140 137 158 164 159 159 158 160 162 163 162 159 155 153 153 151 150 146 141 139 139 140 138
101 101 101 103 99 91 107 143 162 174 175 178 175 158 126 81 81 89 95 101 103 101 103 102 106 111 121 122 119 154 122 28 41 134 144 82 60 90 60 62 112 43 50 58 66 57 43 45 78 82 65 30 113 131 171 174 189 155 177 197 159 125 144 146 121 83 75 104 151 177 174 172 182 195 189 191 193 188 163 123 101 81 58 42 42 111 162 56 59 67 65 54 49 51 54 61 133 133 146 163 161 157 159 156 156 157 159 159 157 156 155 155 153 155 153 148 144 143 139 133
103 103 103 104 99 89 106 143 161 174 176 178 175 161 129 83 81 90 96 102 102 100 102 101 101 101 101 126 149 153 147 105 92 125 88 57 70 86 61 81 68 66 56 56 58 82 31 39 57 73 38 76 138 158 182 191 183 163 197 139 112 131 118 121 132 113 102 86 103 146 168 168 180 199 188 192 175 123 96 91 107 102 78 50 36 94 165 74 54 70 61 49 51 53 48 85 140 130 153 161 159 158 158 157 154 155 156 156 155 154 154 154 155 157 156 150 147 144 138 130
101 101 100 101 94 85 104 143 162 175 176 177 174 160 130 84 73 87 96 103 102 98 98 95 94 109 148 139 157 154 153 150 112 51 62 74 106 77 94 73 50 70 61 50 35 94 70 43 36 40 50 122 151 182 178 201 183 190 103 72 68 59 56 53 54 43 94 134 120 129 154 157 185 194 197 185 123 84 62 50 59 64 55 47 46 94 159 84 53 69 54 47 51 53 42 109 139 136 159 156 158 157 154 157 156 156 157 156 155 154 153 153 155 156 152 148 146 146 142 136
98 97 95 95 88 79 100 141 163 175 176 178 173 157 127 83 74 87 95 98 98 98 99 94 91 172 181 135 155 144 129 71 48 44 88 87 73 79 102 81 44 56 79 70 31 54 86 66 50 31 95 137 181 170 195 200 192 106 54 49 51 45 39 91 127 52 44 112 134 134 143 157 185 208 205 104 37 52 93 76 42 57 55 41 43 92 159 86 62 68 51 50 51 50 52 130 139 149 163 155 158 154 152 154 155 155 155 155 155 154 153 152 150 150 149 146 143 141 138 135
98 97 94 93 85 75 97 139 163 175 177 181 175 156 126 84 79 92 97 98 99 101 100 89 85 165 160 140 154 134 102 50 52 86 61 63 46 94 106 63 44 47 53 83 41 45 55 54 43 57 121 163 173 186 198 198 125 76 54 54 90 65 61 107 219 159 82 93 116 131 135 155 188 215 149 56 59 72 136 141 50 50 52 49 50 76 159 92 75 65 48 54 52 46 79 142 141 156 160 155 155 151 154 151 152 153 153 153 153 152 150 149 147 146 144 139 133 129 130 135
101 100 97 95 85 73 95 137 162 175 179 184 178 158 127 87 78 94 102 105 106 105 95 76 52 123 154 217 158 47 45 47 92 57 65 75 74 100 115 66 42 46 46 73 48 45 43 39 37 101 129 165 177 192 202 140 113 127 99 65 110 99 85 171 216 187 118 116 114 123 135 158 204 215 111 110 96 89 158 145 58 42 44 48 57 73 169 93 83 61 45 56 51 41 103 146 141 156 154 156 153 149 158 151 152 152 153 153 152 151 149 147 146 143 138 133 129 133 150 166
101 101 100 91 88 74 93 139 162 175 178 182 178 161 131 88 86 94 108 110 116 88 42 95 139 161 193 142 63 69 63 98 77 44 71 79 85 108 117 94 58 40 45 48 52 51 45 28 75 123 172 172 198 201 130 118 132 143 140 121 110 121 146 169 173 168 153 127 125 127 127 158 210 204 134 128 136 151 148 100 58 60 55 51 65 67 160 107 79 52 48 51 55 59 124 138 151 154 156 154 151 150 153 158 151 157 153 150 152 147 142 146 139 137 134 140 154 168 181 191
103 101 99 90 86 72 91 140 162 176 179 183 179 163 132 90 86 97 113 108 117 103 98 161 139 116 100 50 38 83 114 105 73 40 79 84 70 105 125 116 61 45 45 49 40 56 35 45 115 143 175 185 203 126 100 133 136 144 150 147 136 124 121 127 135 156 160 133 127 131 129 149 205 217 170 148 129 119 101 68 89 73 48 44 63 66 166 123 76 55 46 50 50 80 137 134 155 155 155 153 151 150 151 153 151 154 153 149 146 145 142 138 134 137 148 170 189 192 187 186
101 96 93 85 81 65 86 137 161 175 179 184 181 164 133 89 85 96 103 110 110 129 155 129 79 66 81 42 53 59 103 114 91 49 59 73 100 95 104 107 63 49 45 45 57 43 27 89 128 164 181 206 134 89 121 138 154 154 153 153 151 147 149 159 159 168 162 137 132 131 128 148 193 214 181 157 141 135 123 113 107 80 47 48 68 61 162 130 65 53 48 53 42 99 142 137 159 156 152 151 151 151 150 149 150 149 149 147 144 143 139 130 135 165 189 194 192 191 190 190
96 90 87 81 76 59 81 135 160 175 179 183 180 164 133 88 83 92 104 110 108 124 130 126 114 103 55 55 86 108 92 88 61 38 67 91 90 115 101 116 57 50 45 40 52 48 61 122 136 180 209 151 65 114 129 133 145 156 165 169 171 170 170 172 175 170 156 141 141 134 126 140 195 221 191 167 157 145 130 125 117 86 49 50 66 50 155 142 58 48 50 52 45 116 136 146 159 155 151 150 151 152 151 149 150 146 144 146 145 138 135 138 170 192 203 194 187 188 190 189
91 85 85 79 76 58 81 136 160 175 179 182 179 164 132 87 81 95 104 124 138 140 141 102 88 66 59 74 92 103 123 83 43 37 51 75 97 104 94 89 114 70 49 49 45 38 104 119 161 205 173 53 92 115 124 134 146 157 166 170 174 175 173 173 170 171 160 145 142 135 127 134 180 220 190 167 159 140 132 126 122 86 53 54 68 45 149 151 59 44 50 44 62 138 134 154 158 155 152 151 151 151 151 150 148 147 143 143 141 130 138 165 197 196 194 194 193 190 190 196
84 81 82 77 73 57 80 136 161 176 178 180 178 163 132 87 83 88 117 118 132 110 89 74 81 51 79 88 98 118 93 54 46 50 48 59 66 75 31 72 145 82 37 45 39 64 119 148 192 205 62 52 102 122 124 136 143 149 159 172 182 181 176 176 177 170 157 148 144 132 128 138 181 224 193 163 157 141 137 130 122 79 52 56 72 44 139 157 61 42 56 40 83 145 140 160 157 156 154 152 150 149 148 148 146 148 145 140 134 130 154 193 194 196 195 194 193 192 196 205
78 76 78 72 69 54 79 134 161 174 176 177 175 162 132 87 79 98 103 105 106 102 112 97 91 91 92 46 87 118 66 60 50 51 51 44 55 56 51 73 120 134 40 42 29 89 131 167 209 114 40 63 97 122 127 129 144 148 152 161 172 177 176 176 170 158 145 146 146 131 126 136 170 218 199 164 159 150 139 128 125 69 46 52 68 36 129 167 74 42 58 47 107 139 151 163 156 155 154 152 149 147 146 146 145 144 145 137 130 146 178 200 192 196 193 191 197 204 204 201
76 75 76 69 66 53 79 134 159 173 173 175 173 161 132 87 78 119 93 120 141 110 74 112 101 88 59 81 80 124 88 54 62 53 44 39 70 62 46 98 118 113 120 28 48 124 131 210 180 39 47 66 96 120 123 136 136 149 156 157 166 176 176 170 168 164 147 136 132 127 128 131 162 212 205 161 152 149 136 131 114 59 49 62 75 33 117 165 96 41 53 55 130 136 161 162 154 154 153 151 149 147 146 145 144 139 142 136 131 164 197 194 192 193 195 200 207 206 204 204
77 78 75 73 63 49 77 133 158 170 175 174 177 161 132 84 71 120 126 135 129 67 95 114 91 58 84 100 108 121 103 61 62 45 33 45 94 83 69 133 171 70 91 26 82 123 171 206 68 28 63 65 92 116 126 131 137 144 152 157 160 164 167 169 166 159 142 133 129 128 116 133 157 208 214 160 153 146 138 130 103 48 49 63 78 28 107 167 104 38 47 72 137 142 159 157 155 154 153 152 151 149 146 145 145 137 140 126 152 188 194 192 194 196 200 206 209 208 205 203
80 78 74 72 60 42 69 130 160 172 176 175 177 161 132 85 74 85 127 113 124 75 83 95 85 74 99 90 88 131 101 47 37 60 44 53 82 82 128 87 113 60 35 41 114 131 201 111 35 31 73 77 88 113 127 129 133 140 148 153 156 159 162 164 157 154 136 126 135 126 122 126 146 197 220 162 151 149 128 130 83 45 51 66 75 32 95 164 121 44 40 98 145 144 159 160 152 152 151 151 151 150 148 147 147 139 138 136 169 195 196 194 194 202 208 208 206 206 208 208
84 81 74 73 61 41 68 131 160 172 176 176 178 162 135 88 88 127 105 116 114 71 83 105 88 63 99 66 91 123 92 74 51 52 45 47 97 93 104 98 45 37 35 145 130 136 170 66 30 40 75 81 85 114 128 127 133 139 146 150 152 155 158 160 157 159 131 109 139 142 146 119 153 197 217 156 143 146 129 123 58 42 53 68 69 36 76 161 136 51 37 126 147 148 160 156 151 151 150 150 150 149 148 147 146 138 133 147 187 200 195 195 197 205 210 207 203 206 209 209
83 81 75 74 65 51 79 137 159 170 175 175 179 163 137 92 94 95 99 115 99 65 101 120 56 77 103 54 96 119 107 90 55 60 58 32 57 49 97 62 34 26 85 185 182 185 97 32 46 44 76 83 91 115 125 129 134 140 146 149 151 153 156 158 159 148 134 127 127 90 106 124 124 176 196 154 144 141 135 94 46 43 53 69 63 41 58 159 143 58 51 142 144 154 160 150 152 151 150 150 149 148 146 145 143 137 130 159 197 198 194 198 204 206 207 206 206 209 208 206
79 79 76 73 68 65 95 141 159 169 173 175 179 164 138 93 78 86 107 114 92 82 91 89 52 104 93 70 89 110 130 102 48 48 90 61 26 86 106 35 61 52 114 155 190 118 22 49 47 38 85 92 99 116 120 130 132 138 144 147 148 152 155 157 157 155 143 125 121 109 109 101 124 167 176 154 143 137 127 63 45 47 57 74 64 48 46 152 147 65 77 149 145 159 159 151 152 151 150 149 148 147 145 144 142 138 136 172 201 195 196 205 209 206 205 209 211 210 208 208
78 78 78 74 68 76 109 145 161 170 173 175 180 164 137 91 77 91 102 118 97 50 81 56 92 74 71 84 98 103 122 131 70 33 122 106 31 70 63 83 119 154 103 141 164 33 52 63 51 37 91 98 102 121 121 126 130 136 141 144 147 151 155 157 158 157 154 147 136 138 149 147 181 189 173 148 141 139 104 48 47 52 63 79 69 55 39 135 149 74 102 152 149 158 154 154 151 150 149 148 148 147 146 145 141 135 143 183 198 194 200 209 208 205 207 211 211 207 207 211
78 75 77 73 64 77 116 148 162 169 172 175 181 165 136 89 79 95 91 136 109 57 76 102 87 45 66 79 98 106 98 131 110 59 95 84 58 42 122 145 179 122 98 174 63 49 54 58 62 41 84 101 100 122 126 126 131 136 141 143 145 148 152 155 157 153 151 154 142 148 181 180 199 196 166 146 145 132 71 43 48 55 69 79 70 58 37 115 147 90 122 150 151 156 150 154 149 149 148 147 147 147 146 145 140 130 149 191 196 198 205 209 206 206 207 209 209 207 208 212
76 69 73 71 58 73 117 148 161 168 170 175 182 167 137 90 73 88 117 131 94 60 116 83 56 63 61 70 72 92 81 125 121 100 92 45 51 90 147 175 165 84 135 90 37 53 45 61 62 41 75 108 97 117 127 131 132 137 140 141 141 144 147 149 151 153 147 152 149 164 204 184 190 200 163 148 142 110 47 50 47 56 72 76 67 58 37 102 145 106 134 149 152 158 152 152 150 149 148 147 147 146 145 144 140 128 154 196 196 203 210 208 208 208 208 208 209 212 212 211
69 66 72 66 65 72 111 148 160 170 173 181 181 166 136 93 71 97 123 113 92 69 107 55 62 72 72 83 73 75 79 87 126 138 45 53 129 125 157 184 100 115 118 30 67 58 48 56 69 42 67 103 92 114 124 128 131 136 141 141 138 139 143 148 147 150 143 149 159 168 188 197 197 189 162 134 143 77 42 54 48 57 69 79 67 59 34 93 148 116 138 145 154 153 154 152 149 148 148 148 147 146 144 142 137 130 160 194 202 206 207 208 208 208 209 211 213 213 212 212
61 59 66 65 63 74 111 146 162 176 175 175 180 174 139 82 74 125 94 124 82 52 92 63 67 57 67 97 99 81 82 77 91 118 80 113 151 204 201 114 91 150 44 38 79 48 44 59 73 47 62 95 86 107 123 127 128 132 137 142 143 136 121 108 123 132 135 133 127 122 131 142 128 127 119 137 117 44 51 53 52 60 73 79 67 63 37 81 149 123 142 147 156 154 153 151 149 148 147 147 147 146 144 143 135 129 163 198 205 209 209 209 209 209 209 210 211 212 212 212
57 56 63 66 63 81 114 149 166 175 176 180 178 163 135 94 120 96 103 145 77 59 50 65 69 60 73 128 102 99 81 100 106 71 105 136 160 217 149 84 153 91 41 48 51 55 47 62 72 51 57 88 82 100 123 128 127 129 133 140 146 142 122 102 102 106 111 107 105 109 119 136 113 116 126 151 82 40 52 48 54 59 74 77 65 67 43 66 149 135 147 150 158 155 151 150 149 148 147 147 146 146 144 143 133 129 170 204 210 211 211 210 209 209 210 211 213 214 214 214
57 56 63 66 63 86 115 152 164 171 175 186 182 164 146 122 103 72 131 120 80 75 64 39 69 76 66 139 72 96 111 85 73 95 130 137 146 187 95 150 127 36 57 46 48 56 49 56 67 56 56 83 78 90 117 121 123 127 131 136 144 149 141 128 124 123 132 141 157 171 175 183 150 144 153 111 41 49 49 47 55 56 75 77 66 71 51 60 149 147 150 151 157 156 151 152 151 150 148 147 146 145 144 143 133 130 178 210 213 212 211 210 211 211 212 213 214 213 211 210
55 54 58 59 60 86 110 148 162 176 177 179 179 172 147 104 62 109 129 98 67 104 68 39 81 69 98 146 88 78 89 107 92 115 157 128 169 130 152 151 50 53 55 49 54 50 51 57 65 61 58 78 74 78 105 112 115 123 129 133 139 146 145 139 129 124 127 130 142 151 146 150 142 146 143 67 42 53 49 42 55 53 77 80 69 72 59 59 148 156 150 151 156 156 152 154 153 152 150 148 147 145 143 141 132 128 184 214 215 212 212 212 215 214 212 211 209 207 205 204
52 51 54 50 64 89 106 143 158 178 180 177 177 170 135 77 70 135 109 92 54 116 43 58 81 46 129 124 99 122 76 94 134 111 133 125 162 173 168 58 48 57 60 59 46 53 55 62 62 63 59 71 70 72 96 106 111 118 125 129 135 140 141 137 135 131 126 119 120 122 124 132 147 148 91 49 41 45 58 62 54 52 80 81 71 70 62 57 148 161 148 153 154 155 153 155 154 153 151 149 147 144 141 139 128 124 188 216 216 213 214 215 216 214 210 207 207 207 207 207
51 50 51 47 76 99 107 140 153 172 179 183 182 169 137 88 72 122 100 72 71 87 49 58 76 41 125 143 103 130 112 94 117 100 96 124 185 183 81 43 52 49 55 55 56 53 53 57 59 61 57 63 66 67 84 94 106 113 121 127 133 137 140 140 133 138 140 145 149 148 151 155 151 123 58 57 44 49 55 59 51 54 84 82 74 72 65 53 148 163 147 156 154 155 154 154 154 153 151 149 147 144 140 138 125 122 191 219 218 213 214 215 213 212 209 208 209 210 211 211
50 49 51 46 87 108 110 139 156 172 175 176 176 166 137 89 70 107 103 78 88 70 35 68 61 56 103 112 113 131 117 94 94 124 104 101 186 114 39 51 52 53 62 47 49 53 48 49 57 58 55 57 60 58 67 75 95 106 121 130 133 134 138 142 147 152 152 164 172 166 161 152 154 81 54 44 47 57 61 56 50 58 89 84 78 77 71 53 148 163 147 159 154 155 154 152 153 152 151 149 147 143 139 137 124 122 195 222 219 212 213 213 212 211 211 211 210 209 207 206
46 49 46 55 83 100 114 137 154 177 179 174 176 164 142 86 70 102 89 58 86 74 47 66 58 54 105 97 60 108 130 120 100 136 121 89 110 74 51 54 49 56 61 47 54 53 52 48 52 59 53 58 58 58 68 49 65 85 108 124 132 136 141 148 152 160 168 166 164 170 168 154 145 49 58 55 47 58 61 53 55 57 102 83 77 75 69 58 145 162 147 158 157 149 153 150 150 151 151 147 147 137 140 136 122 128 214 220 215 213 211 214 215 210 213 207 202 209 210 203
48 51 44 46 73 97 115 141 158 174 170 178 181 169 139 87 57 100 65 49 88 72 57 67 62 42 105 118 53 87 112 129 133 120 147 98 84 56 52 54 47 58 62 53 61 53 51 52 49 56 55 60 61 60 68 62 47 61 79 98 114 124 131 138 142 152 163 168 168 167 160 149 125 59 51 59 60 54 62 55 45 68 99 81 82 81 75 59 147 164 142 147 153 149 150 150 150 151 150 142 143 137 137 134 118 141 212 220 216 211 213 214 215 214 202 210 207 182 154 111
46 52 44 40 64 89 110 140 162 168 172 181 171 169 133 69 111 133 90 44 84 59 60 62 45 42 95 142 94 70 98 110 111 131 145 127 150 76 34 54 56 53 79 46 59 50 55 52 47 52 55 61 62 60 63 74 60 65 71 79 92 104 116 127 139 148 157 161 161 155 148 145 111 39 51 56 50 62 64 49 55 71 94 87 86 83 74 66 150 156 125 120 133 135 139 146 146 149 152 142 145 141 134 129 113 165 217 219 213 208 212 210 212 206 198 177 135 77 38 34
47 52 46 39 59 79 97 135 156 176 179 165 179 166 118 144 152 78 99 43 68 67 69 60 56 36 85 138 117 74 64 99 118 108 148 115 89 160 92 37 48 63 80 42 60 50 55 50 48 50 53 59 61 57 53 75 85 106 124 133 136 137 137 139 146 154 157 156 160 162 168 178 176 141 91 54 51 53 62 52 46 67 102 90 77 85 75 72 154 144 113 106 115 116 120 126 130 133 142 139 145 141 132 126 112 182 217 210 208 213 212 206 201 193 173 97 35 37 54 70
72 65 51 41 57 67 81 127 154 173 166 178 174 158 170 136 62 85 76 32 80 70 51 66 84 53 71 122 128 96 75 130 130 79 109 115 75 128 152 83 36 74 64 48 71 51 50 49 51 50 50 56 60 58 46 70 95 116 128 125 124 130 137 140 140 147 145 140 144 155 171 188 201 214 199 161 105 48 42 47 52 73 93 84 80 86 75 80 158 136 122 123 121 114 112 107 110 109 118 120 126 125 124 118 118 190 216 204 205 211 208 204 198 183 110 48 47 65 77 83
117 97 73 54 60 58 63 114 153 164 176 166 173 182 150 72 88 127 45 33 50 71 58 44 91 80 56 62 123 102 101 135 88 93 106 119 105 148 98 117 67 53 70 47 70 50 51 48 54 53 48 56 60 63 49 65 98 118 128 124 124 132 135 134 142 146 145 141 144 156 173 187 194 193 203 209 209 172 94 32 36 72 87 79 82 80 71 83 158 134 137 141 135 127 122 115 108 101 100 100 99 101 114 105 100 182 213 206 205 205 208 206 180 90 49 57 63 76 87 84
140 129 111 87 77 56 52 106 153 169 174 168 179 169 127 105 152 80 27 45 50 106 65 34 109 90 74 39 95 103 105 104 74 117 104 120 125 130 100 73 106 49 71 41 67 51 54 47 57 58 49 57 62 70 56 61 93 110 122 124 127 133 137 139 139 137 140 146 152 163 178 188 188 195 198 204 199 217 211 131 42 55 93 76 68 77 65 83 156 138 146 143 141 138 135 133 121 115 107 102 93 97 120 100 80 178 209 208 211 207 207 171 95 52 66 78 81 93 82 86
135 142 142 118 95 61 50 106 154 167 171 174 174 163 145 161 102 55 45 37 39 88 98 105 91 70 70 92 69 85 107 57 72 96 118 140 143 99 88 87 107 85 46 45 73 58 52 49 58 62 50 58 62 74 61 59 97 111 122 124 125 127 135 144 145 135 138 149 155 163 175 183 189 189 192 197 202 204 209 226 160 46 70 71 68 78 52 93 154 145 152 141 143 141 137 139 132 131 123 117 104 109 137 107 98 199 212 207 216 208 186 95 38 77 91 79 88 98 88 87
125 147 151 142 124 68 51 105 154 171 174 174 177 154 170 172 95 52 48 52 61 58 57 73 55 60 71 72 42 113 59 65 74 99 92 134 144 124 74 144 97 106 41 51 69 55 57 50 59 63 51 64 66 88 79 48 96 118 117 121 130 138 138 140 138 141 144 151 160 165 169 176 180 184 189 195 199 204 207 210 224 162 52 59 64 77 54 98 155 144 147 146 144 144 138 141 137 135 129 127 117 120 131 112 137 213 208 215 213 203 153 57 70 95 89 88 103 101 94 92
90 127 151 158 141 87 51 104 155 173 175 176 182 161 155 142 84 32 52 44 56 67 51 45 74 79 39 52 68 64 89 59 71 84 100 124 127 130 127 102 110 117 58 39 76 61 54 52 56 66 52 56 68 106 94 45 88 117 122 126 132 139 137 140 139 142 145 151 158 163 167 173 176 180 186 191 196 201 206 209 218 227 135 35 54 65 49 110 151 143 147 146 144 144 139 141 140 137 132 127 128 126 135 120 161 213 214 214 208 192 111 71 93 92 92 106 112 97 92 99
50 98 148 172 158 104 45 101 152 177 181 177 177 163 151 143 65 38 40 54 68 48 57 38 96 71 61 44 73 54 80 78 82 79 89 110 116 134 156 66 95 149 65 32 58 66 45 46 55 67 52 50 70 115 104 45 80 116 127 131 133 139 138 140 140 143 146 150 156 160 164 169 173 177 182 188 193 199 205 208 206 223 220 80 43 67 39 124 147 144 148 146 143 144 141 140 140 135 135 127 130 124 140 143 189 213 215 212 208 165 79 87 95 94 107 111 100 94 97 105
31 75 145 175 166 108 37 100 155 174 177 175 180 169 142 127 78 39 45 54 57 46 51 49 103 62 63 36 56 83 76 69 86 113 83 85 125 150 141 53 64 180 83 32 65 67 58 43 56 63 51 50 72 111 104 50 80 118 129 131 132 138 138 141 140 144 146 149 154 158 161 166 172 176 181 187 192 198 204 209 212 212 229 170 40 43 45 128 145 145 149 147 143 144 142 138 138 132 137 129 122 127 158 178 204 214 211 212 203 128 81 94 91 102 115 99 86 97 102 103
33 61 141 171 170 106 32 98 157 173 176 177 181 170 144 127 75 42 51 56 46 49 48 44 121 57 56 53 46 64 59 64 92 103 92 79 119 142 138 57 69 173 56 36 67 71 52 50 56 57 50 54 81 111 106 57 83 120 130 131 132 138 137 139 139 143 145 147 152 156 160 165 171 175 181 186 191 197 204 209 214 217 218 222 75 29 46 137 145 147 149 147 143 143 142 136 137 131 134 128 121 159 190 203 209 217 213 213 175 99 93 94 104 110 108 91 92 103 100 101
34 50 133 168 171 107 31 94 157 175 181 180 180 167 153 134 51 46 57 49 44 48 38 84 134 40 46 63 58 48 47 55 71 97 104 56 125 139 135 98 85 153 94 40 74 65 60 49 55 53 52 62 99 122 114 60 88 122 131 134 136 140 136 136 137 142 144 145 150 154 158 163 168 173 179 184 189 195 202 207 207 212 216 231 142 31 47 145 147 148 147 146 143 141 142 135 136 130 128 121 133 200 215 207 211 218 218 203 136 91 93 94 109 115 103 89 99 106 100 102
31 43 126 169 171 115 35 89 159 173 177 177 183 168 149 106 46 64 41 41 48 35 60 104 89 46 48 65 49 36 61 53 61 85 109 75 122 146 135 121 156 117 68 49 65 58 52 59 55 51 58 78 118 128 114 60 93 124 131 135 138 141 135 136 136 141 143 144 148 152 156 161 164 170 177 183 188 194 201 207 212 216 209 225 197 31 60 144 148 148 143 145 142 139 142 135 134 130 124 117 151 214 217 205 213 217 213 176 114 97 92 98 108 112 98 92 102 104 99 94
29 42 122 172 171 125 41 88 157 174 178 172 176 163 156 110 62 46 47 45 52 63 68 57 95 54 45 70 47 47 52 53 71 56 79 126 134 130 90 124 154 105 95 77 63 60 66 53 55 49 64 93 130 125 108 60 97 126 131 135 138 140 136 138 135 140 142 142 146 151 155 160 162 168 175 182 187 194 201 207 207 207 218 214 227 64 59 147 148 147 141 144 142 138 142 136 134 130 127 119 164 212 207 209 215 216 202 149 114 105 97 101 118 105 87 97 108 100 91 81
30 39 112 167 171 131 44 87 156 174 177 173 177 166 154 118 56 46 46 52 51 55 47 58 79 58 53 51 56 46 48 64 80 46 44 120 126 126 101 46 68 74 81 92 108 106 79 53 49 57 74 111 122 128 110 61 108 129 136 133 139 142 138 137 134 137 141 143 146 150 155 159 161 166 170 177 187 193 198 204 205 210 213 214 228 118 64 150 145 148 143 144 142 136 138 139 136 127 128 125 171 211 210 205 216 215 181 123 116 106 93 106 110 92 85 108 101 94 94 89
35 33 100 164 174 135 47 83 151 171 179 180 182 167 151 119 48 51 47 41 45 64 57 50 68 58 47 53 59 38 52 59 82 68 85 100 114 102 127 95 60 45 43 52 55 67 76 58 45 66 86 111 128 137 84 74 116 132 138 135 140 142 138 138 135 137 139 142 144 148 153 156 159 164 169 175 184 191 196 202 205 210 211 211 227 155 87 149 147 151 144 141 140 138 141 141 137 123 133 125 158 209 201 204 215 214 161 114 114 104 94 102 90 87 102 105 95 95 92 96
41 32 90 160 173 142 60 86 153 172 177 176 177 165 154 131 61 53 40 56 75 62 41 56 65 50 61 53 60 51 53 70 65 76 71 114 131 94 74 129 107 77 53 57 56 49 52 49 43 74 98 121 124 126 73 84 125 136 139 138 142 142 139 140 136 137 138 140 144 147 151 153 157 162 166 172 181 188 194 199 204 210 211 209 220 198 122 142 134 143 143 144 146 144 143 138 134 140 133 137 142 155 173 213 221 204 140 113 107 95 97 98 77 91 109 97 91 95 94 94
39 33 83 153 165 143 69 85 147 169 177 177 179 169 152 129 77 49 43 60 57 46 49 58 61 61 62 53 58 47 63 69 42 104 63 61 87 118 50 89 159 91 41 43 58 51 42 48 55 81 109 121 124 108 68 98 132 137 140 141 144 143 140 140 138 137 137 140 144 147 150 153 156 161 164 170 178 185 191 197 202 208 213 210 210 219 158 118 100 112 120 131 141 143 145 143 135 144 136 152 142 128 166 212 220 189 132 112 94 92 97 83 84 102 100 89 95 94 96 77
38 32 75 155 170 149 77 81 143 169 177 175 178 173 147 119 75 57 49 46 45 46 54 65 56 63 62 47 48 42 56 57 70 110 108 48 40 70 68 101 102 51 46 54 46 42 41 52 73 93 118 116 129 86 62 120 134 136 139 142 145 143 140 140 139 137 136 139 143 146 149 152 155 159 163 167 175 182 188 195 202 205 214 213 208 221 183 87 75 81 85 97 110 118 129 135 140 142 158 151 130 136 183 216 210 173 121 93 83 96 89 71 99 104 92 86 102 97 86 60
35 27 62 155 182 162 84 77 144 171 175 172 176 175 141 111 92 43 47 54 46 56 65 55 53 57 68 49 46 51 48 55 75 102 136 97 63 79 87 73 67 46 48 46 44 47 45 57 84 108 120 125 108 51 88 132 134 135 139 142 143 143 142 141 140 136 135 138 141 143 146 150 153 158 161 165 172 179 186 193 204 202 211 215 212 219 201 79 81 83 77 76 78 78 84 88 104 126 148 151 143 146 196 223 201 144 91 70 81 91 80 90 102 94 93 92 104 99 69 54
44 40 60 148 180 170 93 73 139 167 176 178 183 177 134 103 90 49 46 38 47 61 56 51 51 66 59 60 53 47 55 54 39 77 117 141 106 101 91 45 41 54 49 42 43 39 48 72 95 116 120 115 65 55 123 133 135 136 139 141 141 142 144 142 141 137 136 138 139 140 143 148 151 155 158 162 169 176 183 191 201 201 207 211 214 215 217 109 91 100 96 86 76 65 57 48 51 71 118 181 180 167 207 215 175 100 65 67 79 82 87 108 93 86 92 102 103 90 60 54
70 75 81 149 178 180 107 78 144 166 171 173 179 175 135 111 75 40 56 54 53 53 45 55 58 60 60 60 49 48 41 52 60 43 74 135 140 92 113 67 42 49 40 46 43 38 65 81 110 117 124 81 37 103 132 135 136 137 139 140 139 142 145 143 142 139 137 138 139 139 142 147 149 154 157 160 167 173 181 189 196 201 206 207 212 212 226 147 85 105 109 100 91 81 68 51 41 29 131 213 172 171 213 210 135 65 62 77 73 81 102 100 83 86 86 108 101 79 62 55
95 89 101 148 182 181 126 84 136 171 175 178 184 180 121 115 78 41 48 56 43 50 55 51 52 54 63 62 51 43 59 46 64 54 53 80 121 126 99 59 46 44 42 42 41 50 73 96 118 128 76 40 88 129 127 132 135 141 140 137 139 142 143 142 141 141 140 138 137 138 141 143 148 150 155 161 164 169 177 184 195 198 204 209 207 210 222 184 84 101 109 106 98 91 80 66 50 44 129 203 184 187 202 155 64 51 70 70 69 101 105 82 79 77 104 112 93 87 65 63
82 107 118 149 177 173 127 86 136 169 175 177 182 181 129 112 70 42 51 51 48 48 57 48 46 65 67 56 72 45 52 77 62 61 74 72 94 89 90 50 46 48 41 35 47 72 95 108 105 58 46 82 115 127 133 138 135 140 139 138 140 142 142 143 144 143 142 140 139 139 141 142 145 147 152 158 161 166 173 179 186 195 199 206 210 212 219 205 97 95 110 103 101 96 86 81 72 70 128 206 210 180 133 70 52 66 67 72 99 108 88 76 76 94 109 105 93 74 64 67
68 102 110 137 177 177 135 89 135 167 176 177 179 177 132 95 58 43 53 49 58 48 62 48 48 79 71 65 99 53 50 74 53 86 61 72 133 98 55 50 39 47 44 43 59 73 69 60 52 68 102 127 127 124 130 133 136 138 138 138 141 141 142 144 146 145 144 142 141 140 140 141 144 147 152 156 160 164 171 177 183 194 197 204 210 211 211 221 127 82 102 98 104 103 93 92 100 90 127 200 191 114 74 65 70 72 73 95 111 92 73 69 83 109 113 101 87 63 69 65
51 78 94 126 171 171 137 98 130 163 177 181 185 183 137 81 50 46 51 52 64 51 67 54 47 76 63 64 110 81 46 83 42 79 82 59 117 127 72 48 46 49 42 38 45 55 64 76 95 119 123 118 126 130 128 134 135 137 137 138 141 141 141 145 146 146 145 144 142 141 140 140 144 147 151 155 159 164 171 176 184 191 195 203 207 211 206 224 163 73 96 99 105 106 101 103 111 105 117 142 117 77 82 86 83 76 89 108 97 72 66 71 101 113 114 100 75 60 71 53
55 59 77 115 172 181 148 100 131 164 178 181 184 180 128 62 51 51 46 54 62 54 68 63 42 79 57 51 102 107 41 95 91 31 104 68 100 107 77 50 47 44 43 53 72 86 98 111 120 123 126 129 130 127 126 131 135 136 136 138 140 140 141 145 146 146 145 145 144 143 143 142 144 146 149 152 156 162 169 174 182 183 192 200 202 213 208 220 192 77 91 103 104 106 112 115 115 117 111 103 88 93 107 87 74 88 99 89 82 73 66 88 116 117 110 93 63 60 59 48
61 52 62 108 187 206 177 111 133 166 177 178 179 176 116 53 54 55 44 55 57 57 67 67 40 97 54 58 91 112 72 59 97 44 69 88 58 103 75 43 44 42 49 70 94 112 118 118 121 123 124 123 126 133 134 129 133 136 136 136 139 140 141 143 146 146 146 146 146 147 146 146 145 147 150 151 155 161 168 172 180 179 190 196 199 210 209 211 212 97 78 98 104 111 119 118 118 118 111 107 109 111 109 98 88 94 96 75 72 76 79 112 121 117 98 75 56 57 50 60
48 55 57 110 196 206 194 131 128 165 178 180 182 182 115 66 50 54 49 58 59 64 68 64 55 100 48 74 89 93 109 43 98 62 61 88 58 77 110 84 38 47 71 92 100 108 117 117 116 127 128 126 129 129 128 135 132 137 137 135 138 140 141 142 146 145 145 146 147 148 148 148 147 150 152 153 156 162 167 169 176 180 189 192 199 204 205 207 220 133 75 90 100 109 117 118 122 117 112 111 123 126 106 93 100 86 88 83 73 81 103 127 120 102 77 56 52 58 66 84
47 57 42 105 202 198 190 126 127 167 179 180 178 176 102 61 42 50 55 62 66 71 70 58 95 95 50 73 86 64 100 76 100 67 44 74 61 57 73 102 77 68 80 99 105 112 122 122 125 125 125 126 128 131 132 130 131 137 137 134 137 140 141 141 145 145 144 145 147 148 148 148 147 151 153 154 157 161 164 165 170 179 187 188 202 199 204 210 218 166 88 91 93 98 111 125 135 119 125 130 132 126 102 90 81 77 83 90 84 94 121 131 120 82 58 46 49 62 92 103
